0,0.0,0.9999999978544045,13.89,0,0,0
0,-0.00272875207871226,0.9942300742099569,13.91193558008926,0,0,0
0,-0.0017345310586719398,0.9921405614555916,13.896023159101238,0,0,0
0,-0.030172868653016716,0.9808420802634583,13.961423665416351,0,0,0
0,-0.03357885055238963,0.977547347943693,13.917580635840336,0,0,0
0,0.04637470331933924,0.9795164827943382,13.664498158879688,0,0,0
0,0.12933833253423266,0.9751588360774184,13.40208082552358,0,0,0
0,0.2446824910460852,0.962934355030791,13.026804734350913,0,0,0
0,0.22791606137404596,0.9511707413427852,13.098561476878624,0,0,0
0,0.3053526570514443,0.9227243051376351,12.82966289838886,0,0,0
0,0.768872776522222,0.8820190053164652,11.220089283526583,0,0,0
0,1.1475023863517912,0.822680735660976,9.6470919898749,0,0,0
0,1.4905788540771914,0.7778872751045742,8.695183026640327,0,0,0
1,1.7664954100037054,0.7020719429218318,7.827429945753101,1,0,0
3,1.8067606405168881,0.6077235100341264,7.574519553615914,3,0,0
6,2.1857475714755625,0.4803149118405875,6.560926748468222,6,0,0
6,2.2770696945459323,0.4768839179074539,6.392683426695195,6,0,0
9,2.4671678935328303,0.3639935573215859,5.944903064699096,9,0,0
8,2.3905508686824275,0.4176986013578289,6.329696517292798,8,0,0
7,2.3545060106185263,0.4136667286621214,6.234923827937809,8,0,0
8,2.321245543696375,0.43846621122925933,6.702592015569966,8,0,0
8,2.324462016211179,0.43903159968802125,6.792896554215657,8,0,0
7,2.3101949178378463,0.4705943527510804,6.890704813052473,7,0,0
7,1.9792978226918367,0.4722282762266623,6.878508132339739,7,0,0
7,1.8931352670954298,0.49268515401943963,7.101088972980414,7,24.0,1
7,2.007717100026638,0.4907555993825007,6.923920723421403,7,24.0,1
7,2.15442774479654,0.48386957538832975,6.650186275158937,7,24.0,1
7,2.3042263546148556,0.4734811169013018,6.360925106814773,7,24.0,1
9,2.1406180947695193,0.4200679244772819,6.323410488630036,9,26.0,2
7,2.0986543134891558,0.41935735145128417,6.293019408546942,9,26.0,2
7,2.0646662540235425,0.4633306677423033,6.642911567787233,8,26.0,2
8,2.1704719067115623,0.45934109105971244,6.571504735418931,8,26.0,2
9,2.1566279220386737,0.4458602317393927,6.730923391679785,9,26.0,2
10,2.225997589668423,0.4285716601438977,6.8433379234065495,10,26.0,2
5,2.0838718821914743,0.4412106546745371,6.457320732598181,9,27.333333333333332,3
5,2.3145263317895965,0.5315329041473253,6.111660066186974,5,29.25,4
5,2.082828852236206,0.5113946055081882,6.208031808278217,6,28.2,5
7,2.018893366600797,0.4832754738292081,6.66963117616803,8,28.2,5
7,2.0053382051815642,0.5064800431439513,7.150400604812603,8,28.2,5
5,1.792773650473402,0.49791145776567497,6.984614847618422,8,29.666666666666668,6
5,1.6670403308255524,0.599828001040679,7.712932989179876,5,29.666666666666668,6
6,1.78827253241823,0.5813958023463157,7.840882059411651,6,29.666666666666668,6
6,1.8573207208493403,0.5912693944827927,8.137764973348018,6,29.666666666666668,6
7,1.9697893344810509,0.5677598449102864,8.153027282469203,7,29.666666666666668,6
6,1.6760938341139295,0.5709056185809723,8.306894746636114,7,29.666666666666668,6
6,1.7186306509548062,0.6036032526567068,8.625128042634529,6,29.666666666666668,6
7,1.9428954848384479,0.568770656598252,8.322137829843063,7,32.0,7
7,2.2190817230522932,0.5521926413689656,7.94332713540928,7,33.75,8
7,2.05243309178838,0.5688167901692358,8.207217998010254,7,33.75,8
7,2.1375000991242628,0.5235485357396467,8.011068358743268,9,33.75,8
7,2.0799596953580046,0.5398533460351873,8.261221104943278,9,33.75,8
9,2.235086823888498,0.5213391401549032,7.840339991209375,9,34.0,9
9,2.3581435188341753,0.4719292689535217,6.7317993162931495,9,37.0,12
10,2.374818112767736,0.4524181618178998,6.797449256648737,10,37.0,12
7,2.4371239632636836,0.45543044628239393,6.86204463371871,10,36.92307692307692,13
7,2.5419080769747975,0.5260643429432615,6.981379129415788,7,36.92307692307692,13
7,2.048605023636191,0.5287237823413505,7.450795435984248,8,36.92307692307692,13
7,2.1957158523694478,0.5031789001494857,6.823170349758657,8,39.2,15
8,2.3052572541325933,0.5038329570714407,6.7954595308530825,8,39.2,15
6,1.9115239483028885,0.504308368764693,6.783971671504585,8,39.2,15
8,1.7318772312738941,0.5104716441983765,7.338408245607659,9,39.2,15
8,1.7650996914714288,0.5410058729192002,7.590760504534092,8,39.2,15
9,1.8997368278590647,0.505269026767029,7.326678400567387,9,39.125,16
9,1.9875820322862454,0.5060124192829839,7.399642852261365,9,39.125,16
8,1.861834437528971,0.5227850189357709,7.723183920194436,9,39.125,16
8,2.018086324227032,0.5226362305319682,7.728624196712691,9,39.125,16
8,2.211345479240916,0.5388818006364463,7.69943056828004,8,39.125,16
9,2.4412807728180406,0.4761593362917486,6.686052903714312,9,40.05263157894737,19
9,2.7261988021411505,0.47185079485521997,6.569135701151185,9,40.05263157894737,19
9,2.9481980972582593,0.4070258398518898,6.039953219790545,11,39.6,20
9,2.6872300461106553,0.42416710733190455,6.383543308670631,11,39.6,20
9,2.7635894327634967,0.4725321196409659,6.56018782822735,9,39.6,20
9,2.3213873680207215,0.48993626554681224,6.917587070988946,9,39.90909090909091,22
9,2.323177778241253,0.47910915574130974,6.746973897239475,9,39.78260869565217,23
7,1.7959534798819794,0.47656420518656584,7.1883971478819495,10,39.78260869565217,23
7,1.746178996982289,0.5519448648442732,7.546560283829331,7,39.78260869565217,23
7,1.8458930595342267,0.5373604040892277,7.7219388004069565,8,39.78260869565217,23
9,1.9419052560166026,0.4701884073077124,7.215050813300903,10,40.48,25
9,2.0112685784691386,0.4919148710075139,7.339942816234502,9,40.48,25
8,1.911028521849556,0.49850246190733094,7.496585334164036,9,40.48,25
8,1.8617861157258306,0.5144944664432063,7.727994556509091,9,40.07692307692308,26
8,2.041873139848769,0.5334236360720965,7.592873394567411,8,40.07692307692308,26
8,2.2820414649491756,0.5119199929203861,6.949078405705581,8,40.2962962962963,27
9,2.4564905051256467,0.48760108069588554,6.7851003212525995,9,40.2962962962963,27
7,2.0385701549411115,0.5102668139497204,7.171393498197954,9,40.2962962962963,27
9,2.218526076659418,0.5040221787788227,6.99485253547734,9,40.2962962962963,27
10,2.4128049980391695,0.47663519506146623,6.804477928736356,10,40.2962962962963,27
11,2.6108241276265423,0.4171366390280642,5.919536301648999,11,41.58620689655172,29
12,2.6409081798337977,0.39232773133666654,5.79985186499098,12,41.13333333333333,30
11,2.718686919171542,0.36933503376882787,5.754776924332195,13,41.13333333333333,30
11,2.6470515225035225,0.4093325112044676,6.128549480589054,12,41.13333333333333,30
11,2.7391237522814214,0.4300480799160534,6.174232962695978,11,41.13333333333333,30
12,2.700754712474324,0.3933834432892463,5.786809844814006,12,41.15625,32
13,2.766050412135114,0.35788457182592276,5.445813590375899,13,41.09090909090909,33
9,2.5244865595596075,0.36323063526965277,5.631710269105372,13,41.09090909090909,33
9,2.7808934947907966,0.42784509193162834,5.54533189763119,10,41.09090909090909,33
9,2.622089171239235,0.4370415528016755,5.63784003423266,10,41.529411764705884,34
10,2.7852274251633684,0.41344669129666267,5.639713150231138,11,41.529411764705884,34
11,2.3995104975220913,0.44522119542007954,6.387854450495225,11,41.529411764705884,34
9,2.1560731782539766,0.4514580796835623,6.645135241914852,11,41.529411764705884,34
9,2.041841387039464,0.48919832206788944,6.911819690990588,10,41.82857142857143,35
10,2.132045795684838,0.4909205955686105,6.987865975223731,10,41.82857142857143,35
10,2.255894668232976,0.4759579607046037,6.703153464488498,10,41.833333333333336,36
11,2.3473093816795667,0.45742642179169796,6.736975396279249,11,41.833333333333336,36
9,1.9841495755156857,0.47050274147751536,7.047514188094327,11,41.833333333333336,36
10,1.9883695196939135,0.4831809724962165,7.307668779154865,11,41.833333333333336,36
10,2.1580488516830063,0.4871977387416946,6.920939725346163,10,42.21621621621622,37
10,2.368641256218053,0.4709139099404526,6.533779776497978,10,42.86842105263158,38
11,2.314789278246507,0.47654625379208815,7.016706994392085,11,42.86842105263158,38
10,2.480434618985195,0.4572750735816564,6.916177305831238,12,42.86842105263158,38
10,2.7054862822355403,0.438682613527078,6.500228242095017,12,42.64102564102564,39
12,2.583245228434258,0.42124867660686827,5.998070987691554,12,42.4390243902439,41
13,2.4530570210691396,0.41328059473050394,6.139038773791099,13,42.38095238095238,42
14,2.4902719350662395,0.3972969509132539,6.1658362986186965,14,42.38095238095238,42
10,2.0238723618220886,0.43368951998869953,6.495422880450927,13,42.38095238095238,42
10,2.105251394824515,0.48960913013621654,6.558872600723052,10,42.38095238095238,42
10,2.2321276352476045,0.4529679624510755,6.120660141675153,11,42.674418604651166,43
11,2.357832293501001,0.41867500996679585,5.785540143306344,12,42.68181818181818,44
11,2.477060513633381,0.4344602112411238,5.7971164604549665,11,42.68181818181818,44
11,2.531979664707408,0.4150173182904771,5.844273400028385,12,42.68181818181818,44
11,2.263973196027214,0.45371666210113903,6.496507282902597,12,42.68181818181818,44
13,2.281772600740342,0.4475271749720066,6.703637105661088,13,42.68181818181818,44
13,2.448855833662168,0.41570910357226476,5.993015270290271,13,42.73913043478261,46
13,2.6124364711839374,0.41043860788776154,5.906000616646238,13,42.73913043478261,46
13,2.5675056069107267,0.3720655603087061,5.843885800943439,15,42.73913043478261,46
14,2.7223242936902565,0.386071497240544,5.790085289061278,14,42.73913043478261,46
14,2.5346908470515044,0.4123256481894141,6.303988584333989,14,42.73913043478261,46
15,2.6258069023168127,0.36420657375251314,5.612249715945175,15,44.083333333333336,48
15,2.6608212608940094,0.3776956703460054,5.820104860275874,15,44.083333333333336,48
13,2.5317125660549324,0.3940628029542711,6.1125244772617995,15,44.083333333333336,48
13,2.577092319040128,0.3999407311367973,5.900318798252451,14,43.83673469387755,49
14,2.6501927714030526,0.4024126697544373,5.92881747499559,14,43.83673469387755,49
14,2.624587025617175,0.38740303982596963,5.49309438912548,14,43.84313725490196,51
14,2.6510514737786837,0.3768995211395715,5.238434360412895,14,43.82692307692308,52
11,2.4660439693368956,0.36346338019001345,5.323087189612205,15,43.82692307692308,52
12,2.453563604017369,0.4178678847334577,5.670182864298964,13,43.82692307692308,52
12,2.5287615983315517,0.42848297654227063,5.877543011773494,13,43.82692307692308,52
12,2.72574049342769,0.41208865522076377,5.539499773444912,13,44.075471698113205,53
12,2.8509708425590694,0.42868856839404734,5.537649011032376,12,44.075471698113205,53
11,2.821856068071816,0.411104536660023,5.590913505029285,13,44.075471698113205,53
12,2.3474501066049136,0.4083011332286613,5.909428240724649,14,44.074074074074076,54
13,2.4384062735368275,0.42586226557150547,6.019107292782331,13,44.074074074074076,54
13,2.5419606261466554,0.4114461084741391,5.775275930341072,13,44.07272727272727,55
13,2.6393557357066415,0.4124131852350889,5.821594335151361,13,44.07272727272727,55
11,2.1839046271196576,0.4565683761727467,6.732301485934672,13,44.07272727272727,55
11,2.2565720684283317,0.47531528618384006,6.840142004528915,12,44.07272727272727,55
11,2.192703116488617,0.5033781048858363,7.15849683317223,11,44.07272727272727,55
11,2.1493208204301832,0.4830313444987451,6.707544983281372,11,45.29824561403509,57
12,1.8253534727294443,0.4663938297653767,6.697607844454715,12,45.0,58
12,1.8933044624209343,0.46743792767565917,6.786089612561579,12,45.0,58
12,1.8185361746546895,0.47952605749464366,7.0197697945307445,12,44.847457627118644,59
12,1.9609158467811223,0.4776434652581727,6.968853106056688,12,44.847457627118644,59
12,1.8992940336529194,0.4732893127592653,6.8592283992495595,12,44.80327868852459,61
14,2.0403999473711023,0.42519817699305273,6.533073212502017,14,44.806451612903224,62
12,2.0556635001276895,0.4396724299983415,6.775234811517028,14,44.806451612903224,62
12,2.240624976196163,0.4257901328081224,6.423681325105945,14,44.55555555555556,63
13,2.278022167105451,0.4411628986837771,6.257189403425495,13,44.734375,64
15,2.4446899278856833,0.3899937081890816,5.8494290135113856,15,44.753846153846155,65
14,2.5391416888042966,0.40862288109726713,5.813468277305316,14,44.753846153846155,65
11,2.3510603359734588,0.4087510735014863,5.754505852923377,14,44.753846153846155,65
12,2.2688360778701946,0.4581670726864723,6.212578726406073,12,44.31818181818182,66
13,2.4451515916035262,0.43609342954298225,6.05511070973924,13,44.31818181818182,66
14,2.489798060455637,0.4139985176644783,5.8505209718238484,14,44.46268656716418,67
14,2.5245747183058174,0.3984079589388734,5.599776591825878,14,44.44117647058823,68
14,2.412283638611053,0.36183350696862765,5.164415296597419,15,44.30434782608695,69
15,2.7562186548833445,0.33261856929666245,4.766946311146512,16,44.142857142857146,70
15,2.908378942774126,0.34989129666446006,4.7655297922194615,15,44.142857142857146,70
15,3.064205756715124,0.3475557113434887,4.7245641773216125,15,44.142857142857146,70
16,2.5723187475390574,0.3739497540914237,5.573837665314212,16,44.142857142857146,70
14,2.374479732510947,0.37382733618306907,5.605867860325976,16,44.142857142857146,70
15,2.455615597627362,0.3888460520136374,5.632345629436558,15,44.142857142857146,70
16,2.5508988907645147,0.37092147160396444,5.644874562701521,16,44.142857142857146,70
16,2.67904989686862,0.33758953600162594,4.953918971929868,16,45.361111111111114,72
17,2.7664662985861366,0.32134012433029063,4.9636767434988665,17,45.361111111111114,72
15,2.890589070400254,0.32079389110746515,4.928999298103713,17,45.361111111111114,72
16,2.991478915168627,0.34005076589610095,4.884435664723424,16,45.361111111111114,72
16,3.018175239839671,0.3569696185034087,5.228321874880434,16,45.361111111111114,72
16,3.1168388504886755,0.3119699846651021,4.158021344468198,16,45.28,75
14,3.2154494598207473,0.35250334799270877,4.236269042662389,14,45.28,75
16,3.331115969594607,0.3187741142106305,4.313088880610579,16,45.28,75
14,3.027157955484692,0.3890296217009711,5.04076178735859,14,45.28,75
17,3.128567997758535,0.32019650954141354,4.749712241656254,17,45.11842105263158,76
16,2.8552197550678438,0.3521228957636861,5.053088386818198,16,45.324675324675326,77
17,2.6400942598278467,0.34325195589111157,5.604597979243012,18,45.324675324675326,77
12,1.8475779420980527,0.3815485990227022,6.092339649432411,17,45.324675324675326,77
12,1.8867152780060112,0.4495837946761182,6.244695790988529,13,45.26923076923077,78
12,1.9427175372707013,0.4671622829942599,6.3712320962819335,12,45.26923076923077,78
12,2.0124099780303792,0.4673325415873918,6.412847250157935,12,45.26923076923077,78
13,2.0996684543273214,0.4381491031955684,6.173117352503369,13,45.22784810126582,79
12,2.049269999001118,0.44098891362387316,6.246679548882773,13,45.22784810126582,79
12,2.159219087703523,0.4568608904636716,6.481736427043287,13,45.22784810126582,79
12,2.3206543128644537,0.4736946395425209,6.4170962246892636,12,45.22784810126582,79
12,2.2134709548909814,0.46948762103005937,6.256254374853366,12,46.4320987654321,81
14,2.401594867722027,0.43127591226990125,6.150153149010353,14,46.4320987654321,81
12,2.202374990525978,0.4405285453000729,6.362872849461228,14,46.4320987654321,81
13,2.2339347193806454,0.4352848985290597,6.294973657499081,14,46.97560975609756,82
15,2.28427807800753,0.41264228253795554,6.18783909978821,15,47.42168674698795,83
16,2.427997650076811,0.3901351614748812,6.0603224389495045,16,47.42168674698795,83
17,2.3927019997620658,0.3865455303857286,6.266137025425289,17,47.42168674698795,83
15,2.4779596542616185,0.3877818136022375,6.25385312788636,17,47.42168674698795,83
15,2.389876056423005,0.41679983080332206,6.456342304178916,16,47.42857142857143,84
15,2.4059201669424573,0.42396877494017693,6.227897398218457,15,47.16279069767442,86
15,2.5469944726901192,0.38456103310810213,5.341473217738667,15,47.1123595505618,89
14,2.670148192537016,0.4030312415117119,5.29990651619488,14,47.1123595505618,89
15,2.6160202496022427,0.40341163254442636,5.588907553958286,15,47.1123595505618,89
14,2.7328439295795297,0.42144784736975105,5.568390555584316,14,47.1123595505618,89
14,2.8138376960506104,0.4249154891488549,5.623048572132386,14,47.1123595505618,89
12,2.916640689044001,0.4465136050742221,5.286732549253385,12,47.333333333333336,90
13,2.9562688082050483,0.44145195410374827,5.511212822980438,13,47.333333333333336,90
12,3.047006269510447,0.4561303568382987,5.512468050767001,12,47.333333333333336,90
14,2.9384263923473704,0.4304670015565847,5.639116706168137,14,47.333333333333336,90
17,3.0408949355840327,0.3778242891143193,5.49503796359261,17,47.333333333333336,90
17,3.145415619684487,0.3406462315521068,4.713679763215435,17,47.391304347826086,92
20,3.1733647505216993,0.2921404490962404,4.687412881119715,20,47.391304347826086,92
14,2.999465879914785,0.2908228088496808,4.647209825326758,20,47.391304347826086,92
15,3.1020887922365787,0.3552022964236052,4.6465320170745485,16,47.391304347826086,92
15,2.734060842756241,0.41357239383771804,5.569612925228493,15,47.391304347826086,92
15,2.7967395343391703,0.39067852291534544,5.104509696696665,15,48.361702127659576,94
16,2.8108851914183637,0.38008185617896206,5.298724215411884,16,48.361702127659576,94
14,2.420630779463181,0.38505364654801266,5.4575684370565964,16,48.361702127659576,94
14,2.447973101810854,0.41840481643860095,5.851466054430644,15,48.361702127659576,94
14,2.6248278368894233,0.41313133059791307,5.420614716742489,14,49.041666666666664,96
14,2.5273837522024203,0.4153363313444899,5.467654518112325,14,49.27835051546392,97
14,2.6480310043355875,0.4172440414953314,5.566692227693583,14,49.27835051546392,97
14,2.437840064953732,0.4011929448618947,5.954343197486567,16,49.51020408163265,98
14,2.4202400878666426,0.4307355463396695,6.335141983829024,15,49.51020408163265,98
14,2.486140008252973,0.44584874402495756,6.459174963375514,14,49.51020408163265,98
15,2.5759506260893925,0.42860468840924515,6.4648848309890585,15,49.51020408163265,98
15,2.4251426148466417,0.4474436641086782,6.827957332328937,15,49.51020408163265,98
15,2.5149547471994493,0.41858080641288375,6.810959019483595,17,49.51020408163265,98
15,2.617883208467499,0.405667251501158,6.582858076838323,17,49.41414141414141,99
15,2.7084704440943947,0.41181596865207065,6.098217521735176,15,49.28712871287129,101
16,2.693759434174171,0.3697352139314064,5.547513073636634,16,49.18269230769231,104
16,2.7780425877145385,0.3701438160335315,5.511455582197453,16,49.18269230769231,104
13,2.4633887855768237,0.38893656919638275,5.894349050486807,16,49.18269230769231,104
13,2.6979229871766077,0.4225029668405381,5.446067876915291,13,49.06666666666667,105
14,2.8937531084983674,0.3658683218259903,4.839474678907586,15,49.08490566037736,106
15,3.084137957443093,0.3262876449036458,4.2692288378145715,16,49.345794392523366,107
17,2.99272837980546,0.3218516078253856,4.566231474614858,17,49.345794392523366,107
15,2.910950485505124,0.3201389450629253,4.6028180055371255,17,49.345794392523366,107
16,2.799461307876105,0.3594371877488699,5.242477949566032,17,49.345794392523366,107
16,2.7345322702482884,0.3904938086752303,5.618388496933705,16,49.345794392523366,107
17,2.6509479317275937,0.37537011483857463,5.696315763194706,17,49.46296296296296,108
18,2.699979326107064,0.3459916523620937,5.5030392348317365,18,49.45871559633027,109
16,2.5922918728087114,0.34941636764037165,5.628108880441089,18,49.45871559633027,109
16,2.660148429342023,0.36640606421222727,5.659699098923706,17,49.45871559633027,109
16,2.7340181850540928,0.3696251072358273,5.305590686121327,16,49.71818181818182,110
16,2.8553161952630477,0.35308863699142046,4.813057779789003,16,50.054054054054056,111
17,2.8967440676010607,0.34986292690874793,4.999218098807663,17,50.054054054054056,111
15,3.0372701059574077,0.34811783416182795,4.883997571226237,17,50.054054054054056,111
15,3.076530278380698,0.364233373015935,5.204164295936364,17,50.054054054054056,111
16,3.208047818549558,0.3798670141250601,5.195621949037948,16,50.054054054054056,111
18,2.812778038587279,0.36237832540121817,5.3812103739405375,18,49.91150442477876,113
16,2.9055123765608193,0.37785459613511385,5.011908919442671,16,49.79824561403509,114
17,2.9600928190603017,0.36319689526411036,5.063868114282905,17,49.79824561403509,114
16,2.90425466278959,0.39344720990060744,5.402828357317439,16,49.79824561403509,114
19,2.8928092477530774,0.34615712828525114,5.405593862848229,19,49.66086956521739,115
17,2.946694449569919,0.3606061488947653,5.124679329139136,17,49.87068965517241,116
17,2.5842878670897265,0.3495441161301548,5.519163341747635,19,49.87068965517241,116
13,2.0834317069272306,0.3670320739358406,5.847137324917935,19,49.87068965517241,116
13,2.0759416586211956,0.4269370356806815,5.820141969208581,15,50.02564102564103,117
14,2.216134112953883,0.44008386802677124,5.765886413312211,14,50.02564102564103,117
15,2.3892707338353327,0.4103042530635319,5.388024706675646,15,50.09322033898305,118
15,2.5218528678009453,0.40940491267524615,5.378049031144401,15,50.09322033898305,118
14,2.388053409517973,0.4329575782145817,5.8526037234561805,15,50.09322033898305,118
17,2.659596160079159,0.3953032544985171,5.570441754283743,17,50.09322033898305,118
17,2.6196899088212113,0.40642415826142353,5.7931600453601675,17,50.09322033898305,118
18,2.7200784583302378,0.3657951006104784,5.242120155704576,18,50.708333333333336,120
19,2.719278235043717,0.3634490829497327,5.520061439179783,19,50.708333333333336,120
17,2.7695797232393,0.36298329962562204,5.541272090038714,19,50.708333333333336,120
17,2.741762133600064,0.3761874618726657,5.545221138192916,18,50.86776859504132,121
18,2.837750983079903,0.36219031970513393,5.292535896027996,18,51.09836065573771,122
19,2.748580765305612,0.36995698331369653,5.747482843604402,19,51.09836065573771,122
20,2.8658241885564752,0.351528991173622,5.669592454324406,20,51.09836065573771,122
18,2.9376949573465647,0.3519405370124232,5.656992235572674,20,51.09836065573771,122
18,3.037469527237211,0.352304480353938,5.320367797093656,19,51.0650406504065,123
19,2.9863386515749304,0.33797489492344507,4.981222562181243,19,50.888,125
20,3.079706147052916,0.2769751535228213,3.9447754445797742,20,50.8046875,128
19,3.0569850783928105,0.28115426418242584,4.022536512314759,20,50.8046875,128
17,3.010957665462916,0.28643637589088344,4.168013815746707,20,50.8046875,128
17,2.738275501166158,0.3768430282636693,4.976477052640064,17,50.8046875,128
17,2.85103216514881,0.35779849689941134,4.868586837627116,18,50.8046875,128
18,2.9640441646234534,0.32659287743902343,4.532858079795586,19,51.04651162790697,129
18,3.023322397961481,0.3408893194483506,4.536922336456024,18,51.04651162790697,129
17,2.9321178747738967,0.3246420814283571,4.5499981247817125,19,51.04651162790697,129
17,2.8771776485148512,0.3386326536286669,4.849785097009192,19,51.04651162790697,129
18,2.9496639253513317,0.35443841479245997,4.9145213470599245,18,51.04651162790697,129
18,2.9879094890668094,0.3436297576953758,4.735335895143545,18,51.2,130
18,2.7471172764306915,0.371529770200568,5.304984346171501,18,51.267175572519086,131
17,2.789104607492395,0.358098817692301,5.390549446222333,19,51.267175572519086,131
17,2.757118808728117,0.4008466632819556,5.752150302175234,17,51.267175572519086,131
17,2.8209514767381,0.392144738467634,5.512307251039263,17,51.50757575757576,132
18,2.934481865671354,0.36359802836382493,5.238347683818526,18,51.80451127819549,133
19,3.0709777469026385,0.3325335971011704,4.897259625117998,19,51.61940298507463,134
18,2.8720547112337167,0.33178872246401625,5.1880470386492235,20,51.61940298507463,134
18,2.961549313970973,0.3320383208979175,5.2205615262549285,20,51.61940298507463,134
18,2.77591304319491,0.3880031427633619,5.767715257369496,18,51.61940298507463,134
18,2.844715385947089,0.3639128067844549,5.275839904368018,18,51.5,136
18,2.8483835217771363,0.3538926738903343,5.069910207954785,18,51.45985401459854,137
16,2.5120926442083213,0.34218088122847934,5.173457233728224,19,51.45985401459854,137
17,2.290823013440175,0.40837324936001146,5.832849218538515,17,51.45985401459854,137
17,2.267345627640766,0.3945989891688664,5.562967230311379,17,51.52517985611511,139
17,2.317788149023716,0.3838387022962263,5.394506187459619,17,51.464285714285715,140
17,2.373840057319732,0.38370379496150386,5.460236318422244,17,51.464285714285715,140
17,2.2538641544431166,0.3928832207820828,5.940028378627588,18,51.464285714285715,140
17,2.3791743933116236,0.394042448473773,5.610831956228273,17,51.56028368794326,141
18,2.415746827089253,0.3896495879653857,5.759955288635926,18,51.56028368794326,141
18,2.5690834755687324,0.3739040292333363,5.404724048740774,18,51.65492957746479,142
19,2.5926069054297924,0.36931594901841414,5.510587813211823,19,51.65492957746479,142
18,2.7131389961187944,0.3523158740968614,5.379393784710739,20,51.65492957746479,142
18,2.8040384480827845,0.378436645612519,5.33677445485319,18,51.65492957746479,142
19,2.886058657809875,0.3628830063388936,5.29782868634223,19,51.65492957746479,142
20,2.7587548819595167,0.34636562685080075,5.159825846349938,20,52.21527777777778,144
20,2.8604398481529825,0.3316851030903173,4.8433131337769035,20,52.04827586206896,145
19,2.985798169681862,0.31469791439860506,4.72854948714097,21,52.04827586206896,145
21,2.9870133742243734,0.311421624584106,4.861994757898382,22,52.04827586206896,145
21,3.1126905495528217,0.30799262290183543,4.507903363929173,21,51.88356164383562,146
22,3.210866036754922,0.24511685067232875,3.540654143654389,22,51.718120805369125,149
21,3.1627678145556812,0.2656270431323617,3.7251339042938683,21,51.718120805369125,149
19,3.051588035200777,0.26988363701511886,3.846960549793305,21,51.718120805369125,149
20,3.183683835383201,0.31345203637983626,4.277876395753524,20,51.718120805369125,149
20,3.3054234619496876,0.29027399185890435,4.080442840421684,21,51.718120805369125,149
20,3.045745909570649,0.291034423546816,4.072983474670593,21,51.913333333333334,150
21,3.063106652980398,0.2788397542414668,4.149119130116894,22,51.913333333333334,150
19,2.648534694446183,0.3103884990495266,4.757783943922053,22,51.913333333333334,150
20,2.735931767618343,0.3236447780213997,4.756342194030276,21,51.913333333333334,150
20,2.8057623575458095,0.3368777326750517,4.774437320425714,20,51.913333333333334,150
20,2.8783311237148617,0.3083416896689769,4.235323242760164,20,52.17763157894737,152
21,2.8666487707688395,0.30830871952628336,4.535951961709557,21,52.17763157894737,152
19,2.898026430488078,0.3096270353418063,4.60898197038071,21,52.17763157894737,152
19,2.8417899846750494,0.3411605125753112,5.00863959016799,20,52.17763157894737,152
19,2.9048068475819995,0.3573647684594597,5.10614242404922,19,52.17763157894737,152
20,3.0069802045221836,0.31551831338476144,4.5295922190211755,20,52.746753246753244,154
21,2.8609203871722597,0.3147618902202559,4.781284006463603,21,52.746753246753244,154
19,2.979500030474796,0.3000385797037534,4.404561758757266,21,52.6,155
19,3.1317846283829,0.312356372171093,4.324972749250968,20,52.6,155
20,2.883432082785983,0.3492191433603205,5.03129284836244,20,52.6,155
22,2.957373155826135,0.2924757852282746,4.481595025091741,22,52.439490445859875,157
22,2.8278964422112693,0.30992418645591935,4.823372807536073,22,52.439490445859875,157
19,2.386476677269379,0.3160552148197126,4.771825793750769,21,52.31645569620253,158
19,2.3170526707888266,0.35149548320003166,5.050016767196408,19,52.088050314465406,159
19,2.3970159818085,0.35256797720241223,5.076982733573964,19,52.088050314465406,159
19,2.325635741763538,0.35329185209084357,5.082162616721239,19,52.2360248447205,161
20,2.358304356141814,0.3387440120403417,5.112124635518554,20,52.2360248447205,161
19,2.2666252292833433,0.35243516737969227,5.4189710024261855,20,52.2360248447205,161
19,2.4710615038608483,0.35924476438835923,5.357911538736811,20,52.2360248447205,161
20,2.672630394868568,0.3520850304447046,5.157435730744943,20,52.2360248447205,161
21,2.7792325540232135,0.3213286417797107,4.718913155790734,21,52.425925925925924,162
22,2.79697624362166,0.3033373193161098,4.577085706497049,22,52.54601226993865,163
21,2.877901829657286,0.2861633407082336,4.480153986848595,23,52.54601226993865,163
21,2.7338937510387304,0.3256994355427213,4.935362738912759,22,52.54601226993865,163
22,2.8259789209498454,0.3244511267219054,4.8633699612221575,22,52.54601226993865,163
23,2.861394743342369,0.29620315121052826,4.526661318638103,23,53.157575757575756,165
23,2.9921296711254395,0.29246972864134185,4.367080802002344,23,53.157575757575756,165
22,3.115311770322782,0.2756174739933571,4.231256779058166,24,53.157575757575756,165
24,3.223712638395347,0.27347152184542545,4.148833934937461,24,53.157575757575756,165
24,3.332817516838809,0.24213493355992843,3.4025530843416627,24,52.97005988023952,167
24,3.425246783299727,0.22482275973795607,2.9460877801364784,24,52.94642857142857,168
23,3.3727914350519104,0.22772623649664392,2.9678127057213763,24,52.94642857142857,168
20,3.3999500979868653,0.23073146698409447,3.074783084436777,24,52.94642857142857,168
21,3.052699224731546,0.3199982095083257,4.039839631950404,21,52.94642857142857,168
22,3.16347633318356,0.28980771767994284,4.003208314239074,23,52.94642857142857,168
23,3.126209422761473,0.27645357795964043,4.059366381545747,24,53.11834319526627,169
24,3.0802399959168234,0.27818902464486395,4.393193946325593,25,53.11834319526627,169
22,2.5886946772164814,0.3066976989877905,4.7654430715612355,24,53.11834319526627,169
22,2.629723224840731,0.3089848420504106,4.6338290061613,23,53.258823529411764,170
22,2.659402222886824,0.3239758307324007,4.765986747760564,22,53.258823529411764,170
22,2.682821808496061,0.31264042934991115,4.647671327029602,22,53.39766081871345,171
21,2.5618989901037703,0.339383636221646,4.951895941423406,21,53.39766081871345,171
21,2.608668318104745,0.3400438232821727,4.978193066469,21,53.39766081871345,171
20,2.6590861071387457,0.36109920976548016,4.994713978248292,20,53.39766081871345,171
22,2.826088711088717,0.330134026511854,4.868745769571811,22,53.39766081871345,171
24,2.8284033479685613,0.2869091269488228,4.516895448668102,24,54.07514450867052,173
24,2.9273316082033287,0.27175379490278123,4.206490029029715,24,53.92528735632184,174
22,2.9845424083397254,0.2713103686333832,4.2396070024786265,24,53.92528735632184,174
23,2.9175472989672073,0.257477528817223,4.236409615842894,25,53.80571428571429,175
23,2.9426339896819407,0.28420143212281807,4.128682139964877,23,53.76136363636363,176
23,3.037969045177439,0.26743755666327534,3.745498224196734,23,53.68926553672316,177
26,2.831364140630906,0.23983384083478665,3.9608774635698327,26,53.58988764044944,178
24,2.9054951697906435,0.24009058905750635,3.928778533389155,26,53.58988764044944,178
24,2.7685154901602256,0.26953359556075446,4.426070368419741,26,53.58988764044944,178
24,2.8503995869094316,0.2962681237093222,4.379721190656023,24,53.58988764044944,178
24,2.9481113246157675,0.26830296684262633,3.7379198564183773,24,53.71666666666667,180
24,3.0079970146452193,0.26871443849024457,3.6999416649019525,24,53.71666666666667,180
22,2.4661348149683517,0.2742184430403617,4.368427310853002,26,53.71666666666667,180
22,2.5867204801301433,0.32687170808548627,4.344797552738541,22,53.71666666666667,180
23,2.586515645827692,0.2989698816459314,4.2682808600833555,24,53.78453038674033,181
23,2.688398841654396,0.29967173842746525,4.272537648514518,24,53.78453038674033,181
23,2.575863219159595,0.3142371185297511,4.572568901401281,24,53.78453038674033,181
22,2.453763324175165,0.3162502709553636,4.6046173198706315,24,53.78453038674033,181
22,2.6941840105243258,0.3366620753427858,4.600718104963792,23,53.78453038674033,181
23,2.933263840818853,0.3330465749530427,4.506277378243547,23,53.78453038674033,181
24,2.814792971080421,0.32667539838651116,4.5892379917632224,24,53.994505494505496,182
25,2.9365584070057222,0.2983928482768718,4.249699729444402,25,54.14207650273224,183
25,3.0126035344238438,0.2693398285729132,4.143353904389389,27,54.14207650273224,183
25,3.103073568599426,0.2798237201454511,4.121677460474449,26,54.14207650273224,183
26,2.9479682871600605,0.3038051771418147,4.594366616824345,26,54.14207650273224,183
26,2.9942638400450696,0.28026073541104074,4.117420177644516,26,54.86486486486486,185
26,3.0675730653292557,0.2793444391609877,4.077313483884264,26,54.86486486486486,185
25,3.1460060350653123,0.2673898630543268,4.082426599174524,27,54.86486486486486,185
26,3.034663130938105,0.2936254035434039,4.611915580156992,27,54.86486486486486,185
26,3.0732659241123885,0.3158409917747953,4.817327312730416,26,54.86486486486486,185
27,3.1579586979422487,0.25338871456083234,3.788419742073245,27,54.613756613756614,189
27,3.104712305544476,0.2568470425628096,3.8857339064344503,27,54.613756613756614,189
23,2.3185728920340654,0.26241087620669823,4.024114801965555,27,54.613756613756614,189
23,2.2506010821703013,0.3163644439264556,4.3666478410403124,24,54.613756613756614,189
23,2.310901820628927,0.3162650025836119,4.3261132636741895,24,54.67368421052632,190
23,2.3761239643902696,0.31660855350959577,4.336884526819344,24,54.58115183246073,191
24,2.2493392521566085,0.33897656020035194,4.834509519539968,24,54.58115183246073,191
24,2.18793476980077,0.3273206841668374,4.880172198394921,25,54.58115183246073,191
24,2.252162958751608,0.3271033116589154,4.91472485518551,25,54.58115183246073,191
25,2.322090725779943,0.3272886373985737,4.976469539569507,25,54.58115183246073,191
25,2.4171413508539,0.30321844526001407,4.57240382247902,25,54.854922279792746,193
25,2.5565843665577446,0.3021995453237896,4.57799209829283,25,54.854922279792746,193
24,2.573361367504426,0.30021044700371213,4.7228727247913405,26,54.854922279792746,193
24,2.663747824156992,0.3233665067559046,4.718133561137479,24,54.854922279792746,193
24,2.726332046575384,0.3230742170427012,4.668440270349678,24,55.170103092783506,194
25,2.866318753023232,0.2856056432549496,4.100585102955826,25,55.392857142857146,196
26,2.8567456648153975,0.2711253415550695,4.045173137501135,26,55.253807106598984,197
25,2.9757900449446595,0.2581098343552145,4.0592266875296685,27,55.253807106598984,197
26,2.7025909198135527,0.2957578513874273,4.75072156569314,27,55.253807106598984,197
26,2.6924235180986895,0.2954231444587878,4.452140707299223,26,55.1356783919598,199
27,2.7607234095294624,0.27010137192495004,4.217947005582286,27,55.08,200
27,2.763411549486075,0.25583964677988674,4.008188378594368,27,55.02985074626866,201
25,2.496747650079413,0.27212355671775124,4.3944712807712385,27,55.02985074626866,201
25,2.6184269730785004,0.29800936624783114,4.346776538162463,25,55.02985074626866,201
26,2.735342200942844,0.2721571580725725,4.0236467908657385,26,54.90594059405941,202
26,2.824076213805509,0.2598913012231189,3.7294409017968553,26,54.95073891625616,203
25,2.601100995526622,0.26170776371083176,3.771420305957265,26,54.95073891625616,203
24,2.63981233565989,0.2624192009352081,3.757204761483756,26,54.95073891625616,203
24,2.7867910908984075,0.26056716945638136,3.352282862589508,25,55.1421568627451,204
24,2.9563858796805027,0.2742553153567938,3.395403137849534,24,55.1421568627451,204
24,2.8541798809465515,0.2984089070274443,3.8939114203133967,24,55.28292682926829,205
26,2.9593265628261745,0.26938526669165686,3.862763645755558,26,55.28292682926829,205
27,2.5892095959234327,0.2790227923131926,4.3242279581887555,27,55.28292682926829,205
27,2.579298002112222,0.2869873212769443,4.49983515984083,27,55.28292682926829,205
27,2.6624377972289475,0.28333899831655696,4.474344602943268,27,55.28292682926829,205
28,2.7269493232875552,0.24392817080601992,3.974266540827967,28,56.072463768115945,207
28,2.775064121400161,0.24417872783404324,4.0079759226607665,28,56.072463768115945,207
26,2.769304559530112,0.24614516606353326,4.080567422937266,28,56.072463768115945,207
26,2.674042453853282,0.2616438705652362,4.316833825480992,28,55.92788461538461,208
26,2.7356068091538432,0.27514733442520234,4.049451394327794,26,55.82775119617225,209
27,2.8281186922262105,0.24985050161589079,3.69257722333636,27,55.73809523809524,210
27,2.9736276199018064,0.23386507451321584,3.2387898047155392,27,55.59241706161137,211
26,2.7723314696469847,0.24812455220276491,3.6638184187509832,28,55.59241706161137,211
27,2.8834587778340843,0.24716921333441244,3.5791305779365676,28,55.59241706161137,211
27,3.017604975980767,0.24405535642082318,3.1867753987095973,27,55.514150943396224,212
29,3.1503632022101526,0.20100945721440389,2.779704399182334,29,55.568075117370896,213
29,2.917348655511746,0.23070111364356816,3.393718920181117,29,55.568075117370896,213
26,2.471111198231436,0.23353122763507742,3.495617129430698,29,55.568075117370896,213
26,2.274746083159646,0.2984078381725392,4.095624967531966,26,55.568075117370896,213
26,2.3526963262990828,0.2740230295652062,3.8625716380975783,27,55.546728971962615,214
26,2.3037634635245823,0.2880776844256501,4.146177800476044,27,55.546728971962615,214
27,2.341208060927531,0.2885964869888703,4.1879343689070945,27,55.546728971962615,214
26,2.2122568557634033,0.2891120439418005,4.253295764363518,27,55.546728971962615,214
27,2.4672179507799687,0.27520446168408336,4.154617492063913,28,55.546728971962615,214
28,2.332011171004594,0.3073165308871167,4.775622045495125,28,55.546728971962615,214
29,2.4696841577511206,0.26952202389843216,4.27972345698149,29,55.875,216
29,2.585466849283916,0.2679381268202667,4.265056214585258,29,55.875,216
27,2.710577228804195,0.2669862565681414,4.224631417686117,29,55.875,216
28,2.7277895273311246,0.28870691524055453,4.389444330864161,28,55.875,216
29,2.845038530719869,0.276216805653617,4.342254490789731,29,55.875,216
29,2.8115681653154225,0.2617252877466514,3.923378184380013,29,56.70183486238532,218
30,2.916883564975549,0.23581996260812355,3.557741602831297,30,56.57077625570776,219
29,2.9794288202754986,0.22294504050397224,3.4867351001820888,31,56.45,220
30,2.9142606909263606,0.23618698195951876,3.7568397563936484,31,56.45,220
30,2.9890033427391014,0.24760123743173362,3.786940132012613,30,56.45,220
30,3.06384090686346,0.222622716695049,3.3097498715210802,30,56.36486486486486,222
28,2.9738565198601443,0.2583337108368585,3.4988350549904332,28,56.27354260089686,223
30,3.064116110673558,0.23506726440639783,3.4936477878243606,30,56.27354260089686,223
28,3.130237995047641,0.2606320377194304,3.5405867674231506,28,56.27354260089686,223
28,3.192464107566531,0.25120785621192065,3.3049352299749377,28,56.245535714285715,224
27,3.2224670337072427,0.27820984389778197,3.669173966687899,27,56.245535714285715,224
28,3.2867510652021763,0.2700237269118387,3.777962039256272,28,56.245535714285715,224
26,3.3459476750543145,0.2970794239776091,3.910972837314145,26,56.245535714285715,224
25,3.4232701741865634,0.30177637825530235,3.786454544998924,25,56.4,225
25,3.2883142712768394,0.31694695651057136,4.135889611838566,25,56.4,225
23,3.3353542441908774,0.33233274554830605,3.969560655440586,23,56.55309734513274,226
24,3.3997797157394363,0.3240271634446739,4.122498940714854,24,56.55309734513274,226
23,3.424525368712043,0.33890469026194214,4.258855316158655,23,56.55309734513274,226
21,3.15237261683915,0.3951234919093045,5.032405244089186,21,56.55309734513274,226
22,2.9372772154033617,0.4059793252498677,5.562791750028469,22,56.55309734513274,226
20,2.852177962361989,0.42213586598336994,5.499961002007305,20,57.37280701754386,228
19,2.8719048760297996,0.4372052663202539,5.682217281837761,19,57.37280701754386,228
19,2.8633212207230736,0.4418569727982022,5.844125894439862,19,57.37280701754386,228
19,2.9086941216253015,0.4332674977025722,5.651449746609026,19,57.7117903930131,229
21,2.883688688424709,0.40927731843128234,5.595133575780571,21,58.07826086956522,230
21,2.978070265999703,0.40451782698771666,5.46217629352294,21,58.07826086956522,230
23,2.9678398959760033,0.380942016473527,5.347680799671289,23,58.41558441558441,231
17,2.8455751607481146,0.367733676907474,5.032796482593757,23,58.7198275862069,232
19,2.7873443181958546,0.4080573550270218,5.148231457094528,20,58.7198275862069,232
23,2.9265158051687616,0.35889579003885264,4.719714022980179,23,58.96137339055794,233
23,3.010215669929017,0.35193368790985824,4.524903507872881,23,59.23931623931624,234
25,3.1208091739966966,0.3252639895441525,4.430256500834807,25,59.23931623931624,234
23,2.9255240964802596,0.32471102557726683,4.429072309675335,25,59.42127659574468,235
24,2.8701862789574952,0.3151284470842159,4.2372984565357035,25,59.78902953586498,237
25,2.85238027738934,0.32784642844238654,4.539155944418622,25,59.78902953586498,237
25,2.931708910174649,0.31718970151911735,4.368026997462685,25,59.94117647058823,238
25,3.017733723169033,0.3069692475449373,4.225139253130049,25,60.03347280334728,239
23,3.111754723793283,0.3081144965644236,4.315046812566537,25,60.03347280334728,239
25,2.994620014162218,0.30810553559847637,4.625186256941664,26,60.166666666666664,240
25,3.0714045680158213,0.32028372940817873,4.733582068104722,25,60.166666666666664,240
25,3.1300108943014893,0.32248549201310295,4.8746699509340985,25,60.166666666666664,240
25,3.220132746522578,0.3224754580672167,4.889685924279235,25,60.166666666666664,240
25,2.871582450404384,0.34340043645913654,5.665637057580451,27,60.166666666666664,240
25,2.9346357291692,0.3343977482921733,5.487086683493197,27,60.12033195020747,241
26,3.014364374313809,0.33441117922241526,5.231827127071914,26,60.103305785123965,242
26,3.0909310390131894,0.2873995023851659,4.226631338261744,26,59.94308943089431,246
26,3.0662236170636725,0.29130361073438177,4.31635664419363,26,59.94308943089431,246
22,2.824750950739973,0.29464824489935276,4.388556627885084,26,59.94308943089431,246
22,2.7894618445523194,0.331717911026426,4.399989695981182,23,59.87044534412956,247
22,2.886142310682594,0.32972314702758565,4.358319556504651,23,59.87044534412956,247
23,2.9158308833926343,0.3046845834891169,4.108327335867843,24,59.95180722891566,249
24,2.9798208095706658,0.30367133560232795,4.118667362142077,24,59.95180722891566,249
22,2.7235934712352736,0.3025652823102647,4.131681312157926,24,59.95180722891566,249
24,2.989657572292584,0.287365902798836,4.079557162817843,25,59.95180722891566,249
24,3.136032462664309,0.29782376865154314,4.075905857320125,24,60.224,250
26,3.317891770214223,0.25807959118108625,3.871099889817242,26,60.46613545816733,251
26,2.931859321017736,0.28506789271065025,4.466244495152923,26,60.46613545816733,251
24,2.836006403505218,0.29913311591649144,4.789654308716667,26,60.46613545816733,251
24,2.6708426866527457,0.3354224471996618,5.288348805348857,25,60.46613545816733,251
24,2.7321706891697612,0.3483768272650707,5.359670123719045,24,60.46613545816733,251
24,2.670083430218676,0.3401311846214811,5.153604276296733,24,60.73122529644269,253
24,2.7200742295889597,0.33128004813596623,4.914744567050524,24,60.60236220472441,254
24,2.796712620552975,0.2958513846990152,4.692480234691063,26,60.48235294117647,255
24,2.7770681011599936,0.3208987875664773,4.915747589595172,25,60.48235294117647,255
25,2.86563753921907,0.3215502312076697,4.898884276257239,25,60.48235294117647,255
25,2.976608645008716,0.28405461621397365,4.09577828862182,25,60.30232558139535,258
25,2.857996919136876,0.2972133456423067,4.293584400178963,25,60.23166023166023,259
22,2.567940376060667,0.29775882988359614,4.308103207083225,25,60.23166023166023,259
24,2.71668474423449,0.3063027778331771,4.403831455270969,25,60.23166023166023,259
24,2.8729746378163172,0.30068529400426824,4.266604947160978,25,60.23166023166023,259
26,2.808769986955794,0.2602565584315847,3.942856581733923,27,60.241379310344826,261
26,2.850679112829984,0.27168563324102923,3.9494811380725197,26,60.241379310344826,261
25,2.723520234633488,0.28438198720173835,4.211901590814769,26,60.241379310344826,261
26,2.9332651230565667,0.2656262495245014,4.012218243832352,27,60.241379310344826,261
26,2.90783299840468,0.2898436973208266,4.244144194576647,26,60.241379310344826,261
26,2.976059337319448,0.2614395120689494,3.647273799679412,26,60.71863117870723,263
27,3.0817804270567395,0.24469904520050528,3.5665140354650697,27,60.71863117870723,263
27,3.168138111345583,0.21750230764006034,3.5703529364510116,29,60.71863117870723,263
28,2.97122414965481,0.2558206013040676,4.093954168404818,28,60.71863117870723,263
28,3.0255515075998014,0.2447064514369991,3.814203241673057,28,60.833333333333336,264
28,2.967093050963359,0.24598674700393075,3.796597345037139,28,60.988679245283016,265
28,2.9709351844961187,0.26010884652333793,4.011902865464427,28,60.988679245283016,265
26,2.98184867332069,0.27500329448329575,4.275643123258035,28,60.988679245283016,265
27,3.0921456377348795,0.2638086175499508,4.272325872962965,29,60.988679245283016,265
28,2.982807395822617,0.28774580531571603,4.481502025277723,28,60.988679245283016,265
29,3.045517107521376,0.2529223184226911,4.029725697124548,29,60.831460674157306,267
27,3.1105128275884386,0.2526035904796604,3.563380034322318,27,60.65055762081784,269
27,3.1617944843480865,0.2550254646978306,3.5947710397123336,27,60.65055762081784,269
25,3.139865085247676,0.2936966231668125,3.85349763061866,25,60.65055762081784,269
27,3.2147272264761626,0.26711009963983623,3.768425628247109,27,60.65055762081784,269
26,3.1520797413423822,0.2880917260539454,3.9185783283217694,26,60.68888888888889,270
29,3.121750154891944,0.2552815713336851,4.019749909578376,29,60.68888888888889,270
24,2.660519324459016,0.25798261229773795,4.113235892023997,29,60.68888888888889,270
24,2.486960416952024,0.30649763641344324,4.401545583309263,26,60.91881918819188,271
25,2.578562900114967,0.3179638317008079,4.447015673558301,25,60.91881918819188,271
24,2.727871624103941,0.31503910856506223,4.139679478018339,24,61.14705882352941,272
26,2.734943123421086,0.3006895919524046,4.311706657840126,26,61.14705882352941,272
24,2.722872240069158,0.3094866030148821,4.253471328394234,25,61.14705882352941,272
26,2.5087269026845065,0.32880320456137435,4.83456414049761,26,61.14705882352941,272
26,2.562970206935227,0.3277028728972111,4.837056295889854,26,61.14705882352941,272
28,2.611405413260118,0.28295412659100627,4.4059301484328195,28,61.503649635036496,274
28,2.6686558960232447,0.28386059007571446,4.514609193943918,28,61.503649635036496,274
26,2.671530825616801,0.29705554527178935,4.8406142918475945,28,61.503649635036496,274
26,2.75951149205582,0.29960497655166185,4.658589335041748,27,61.64727272727273,275
26,2.8918720107772384,0.28896740795043924,4.172183062968097,26,61.628158844765345,277
26,3.0273718247978056,0.2890219474963029,4.132418078539187,26,61.628158844765345,277
28,3.1039904434858805,0.2764581153884835,4.276414793888389,28,61.628158844765345,277
26,3.2436378681401683,0.27598591591315286,4.190152393267983,28,61.628158844765345,277
27,3.0368020337638493,0.2986598129003365,4.562545262062474,28,61.628158844765345,277
28,3.136224933922785,0.2738477535931787,4.070615324766346,28,61.50179211469534,279
29,3.2218527379540314,0.2216848008124947,3.266712168988879,29,61.340425531914896,282
28,3.3006029397547496,0.23442775422358741,3.3202950026722546,28,61.340425531914896,282
28,3.1827982105435217,0.2506288760128815,3.675924199099851,28,61.340425531914896,282
26,3.22047421629196,0.26294497883367307,3.444734023837877,26,61.24734982332156,283
27,2.974650850050171,0.2899055606027525,4.241988046766992,27,61.24734982332156,283
25,2.9892973932110776,0.3056133157813319,4.156254159892171,25,61.30281690140845,284
25,2.9329480330097994,0.3210702176730678,4.529034906305995,25,61.30281690140845,284
23,2.9397040859708925,0.3490446520445851,4.678389334830992,23,61.30281690140845,284
23,2.956615401341394,0.35309168337911917,4.733808442574423,23,61.30281690140845,284
25,3.031181582574341,0.32938573642640656,4.691242487437594,25,61.30281690140845,284
24,3.1288664872857854,0.3146278272740675,4.11556062569867,24,61.7972027972028,286
26,3.130783754904763,0.2923149118708603,4.142512512760557,26,61.7972027972028,286
22,2.9899765102521925,0.30307971836080294,4.294605007980587,26,61.7972027972028,286
24,3.0090937831148694,0.32167626021153967,4.3595227947463915,25,61.7972027972028,286
25,3.174991219324606,0.316403781697836,4.187011054924045,25,61.7972027972028,286
27,3.3385738657271204,0.26457755237382635,3.523742477772528,27,62.083333333333336,288
27,3.0152810233495413,0.29036652282307146,4.116172797755412,27,62.083333333333336,288
26,2.8893249846714673,0.28091785558844307,4.202739555501235,28,62.083333333333336,288
26,2.960875019969599,0.2699114388813979,3.7547538987434668,27,62.289655172413795,290
26,3.012635133869372,0.28379390884446914,3.884483025499217,26,62.289655172413795,290
27,2.8094308740631475,0.2968557929236661,4.444191987143736,27,62.289655172413795,290
27,2.8545276103041526,0.2872459648071195,4.333446120846662,27,62.35395189003437,291
25,2.781852142011898,0.28903716636645915,4.37133583538403,27,62.4486301369863,292
26,2.8510547665582853,0.2905778608203087,4.445979898164153,27,62.4486301369863,292
26,2.932626769639434,0.30257787891754495,4.513575954136726,26,62.4486301369863,292
26,3.0173858355793843,0.30221997397625566,4.54937968134781,26,62.4486301369863,292
27,3.0871157084933416,0.26567642325340046,4.069694914224965,27,62.214285714285715,294
26,3.159164327879636,0.2555148686125083,4.121059566819018,28,62.214285714285715,294
26,2.951387982357967,0.29461953164178795,4.835476163096526,28,62.214285714285715,294
26,2.8628758010830824,0.3296189463899339,5.061509829438818,26,62.14915254237288,295
27,2.75990126015131,0.2970126058609538,4.667402531898446,27,62.01006711409396,298
28,2.7666359755509227,0.28734082818429624,4.759130928393517,28,62.01006711409396,298
25,2.4966217021707138,0.28913206243222844,4.567092453408297,27,61.896321070234116,299
25,2.702893418935422,0.3101442698158329,4.374245796821301,25,61.896321070234116,299
26,2.8279335340550134,0.2704968795794594,3.7274782382752365,26,61.94019933554817,301
27,2.93981555658168,0.25463937810960185,3.6245467555131072,27,61.94019933554817,301
27,2.749256062332571,0.278893514041983,4.041058099467821,27,61.94019933554817,301
24,2.5164630239438823,0.2997554527785426,3.9296574534991775,25,61.94019933554817,301
25,2.5931450282201585,0.2860893780697149,3.888374118684815,26,61.94019933554817,301
26,2.6829882315230424,0.2841557731791535,3.866844170020395,26,61.94019933554817,301
27,2.589533714339252,0.2822030641162536,4.052290863301668,27,62.211920529801326,302
28,2.7259557727152512,0.25672227887291915,3.7812638578365725,28,62.43894389438944,303
26,2.872434526961836,0.25621009488132185,3.790776941828978,28,62.43894389438944,303
26,2.8929088265091805,0.2917052565113624,4.031429057608644,26,62.43894389438944,303
28,2.764432436151897,0.2920310317762709,4.480924942785236,28,62.43894389438944,303
28,2.840834918451682,0.2687390337064848,4.025355957570814,28,62.63934426229508,305
28,2.9115037565659008,0.2706781979472871,4.066530447741693,28,62.63934426229508,305
26,2.978161962506782,0.2740302806358601,4.134664209614406,28,62.63934426229508,305
27,2.9777358781404786,0.27512106427725935,4.369546064471587,29,62.63934426229508,305
28,3.0444781957978964,0.27550580325935425,4.191816590547907,28,62.54248366013072,306
29,3.1224821288880724,0.23827934228782138,3.6892134075379523,29,62.41233766233766,308
29,3.0987989232080544,0.24106233517261738,3.7603213356390963,29,62.41233766233766,308
26,2.5357453820420797,0.2680004177876888,4.0038592198273735,28,62.30744336569579,309
26,2.626976714460336,0.29233206396305994,4.0257534482646316,26,62.30744336569579,309
27,2.7098372965901922,0.26116910228258694,3.81916214885508,28,62.21612903225807,310
27,2.9121269408804524,0.24635138300983858,3.488728420490127,28,62.28617363344051,311
27,3.146348323914588,0.2431957452065594,3.3751115874991067,28,62.28617363344051,311
27,2.9692289823014897,0.2416694899138841,3.5420243029696388,29,62.28617363344051,311
28,2.7860307852251287,0.26358009850053526,3.6986501974606893,28,62.56730769230769,312
28,2.8718906098547783,0.26140967237402846,3.6506843038772927,28,62.56730769230769,312
29,2.7507515057270853,0.259670399791416,3.840874526479625,29,62.814696485623,313
29,2.8038623819770683,0.2577546864103011,3.8479183244709017,29,62.814696485623,313
28,2.834849176802517,0.2479607880759502,3.943752844954973,30,62.814696485623,313
28,2.869855252350435,0.2599916311716434,4.003414144332635,29,62.814696485623,313
30,2.8610178476799417,0.24853355210194128,3.983772257566992,30,62.93312101910828,314
30,2.904397891073863,0.2379315234037542,3.745129613558704,30,63.02857142857143,315
28,2.9788227191128938,0.2640991675755712,3.7906907208831773,28,63.02857142857143,315
28,3.0550391902495706,0.2679353005783222,3.839267478864835,28,63.02857142857143,315
26,2.9940170752995634,0.3051100975552776,4.052980687582669,26,62.93037974683544,316
28,3.116054659901301,0.28164871886831055,3.9924058813526,28,62.93037974683544,316
27,3.2638767444429835,0.265360869926655,3.408259284745053,27,62.79245283018868,318
30,3.403082756173572,0.22644672173465388,3.292516431046166,30,62.79245283018868,318
30,3.270088598403751,0.20126486708912175,3.2231247918337234,32,62.69592476489028,319
31,3.166688864303893,0.22700182954403264,3.703081048289647,32,62.69592476489028,319
31,3.062383238431396,0.25055712636327676,3.950350302603628,31,62.69592476489028,319
29,3.0980704646124178,0.2602974731759965,3.6983126801616666,29,62.771875,320
29,2.9242357000373187,0.29432551084844105,4.366283153791487,29,62.771875,320
28,2.945407568175927,0.3061314127923652,4.411273274185628,28,62.771875,320
28,2.9295794531662,0.31473007279065696,4.5710296559809445,28,62.771875,320
31,2.9814862541643468,0.2715663894107595,4.275030575755877,31,62.99065420560748,321
30,3.0411971557554613,0.26934081620789246,3.9973857178136227,30,63.254658385093165,322
32,3.0439297806381407,0.2506648019330795,4.039014947631895,32,63.254658385093165,322
27,2.839815652931515,0.2402260752386303,3.7750195443506716,32,63.44272445820433,323
28,3.0121819695631693,0.2726291399566146,3.657546508697867,29,63.44272445820433,323
28,3.146595749302338,0.2801093116683405,3.4611000602237256,28,63.67901234567901,324
27,3.351657044921363,0.28471102422577155,3.2503944353611263,27,63.67901234567901,324
31,3.2086119815195984,0.24883743068571385,3.4445452513591492,31,63.67901234567901,324
29,3.126149805328882,0.24566202636770784,3.4256606189243084,31,63.67901234567901,324
31,3.087277950474834,0.25147984911892957,3.661991744595427,32,63.67901234567901,324
32,3.0082043060763612,0.2524503814889353,3.6633984008453617,32,63.81846153846154,325
32,3.0382149865227963,0.24259681641408498,3.562255781775334,32,63.966257668711656,326
32,3.0532721625788506,0.24572075660553383,3.6955845496019073,32,63.966257668711656,326
30,3.02856380811527,0.2600682789196233,4.034544464951298,32,63.966257668711656,326
30,3.0706067330649756,0.2725162520722714,3.9459933571934305,30,64.06727828746178,327
31,2.859305217904126,0.274363351730902,4.240407483990778,31,64.1951219512195,328
31,2.9179118841166587,0.2753149883339691,4.280915791773988,31,64.1951219512195,328
31,3.008324612667378,0.2751670222771696,4.275875402947626,31,64.1951219512195,328
29,3.1155353280663833,0.2758315960132567,4.235725224334264,31,64.1951219512195,328
30,3.1922577834215122,0.2667510006373028,4.25663882988317,32,64.1951219512195,328
31,3.2513955778868904,0.26735451276823674,4.100010979710494,31,64.12462006079028,329
31,2.998515485341956,0.24558594976277798,3.5979240654817306,31,63.82634730538922,334
29,3.051134482047604,0.26922385435628204,3.6341044718692124,29,63.82634730538922,334
31,3.035549331631332,0.26015537482354917,3.8968608682062076,31,63.82634730538922,334
30,2.9809959322506465,0.28330030775421516,4.143170044125523,30,63.82634730538922,334
30,3.0192781837001386,0.2847948648795571,4.198440942946244,30,63.82634730538922,334
28,3.087634080059039,0.28569444826524143,3.8262314747443655,28,63.87797619047619,336
28,3.1561633031448197,0.28588208888745004,3.834536975788684,28,63.87797619047619,336
27,3.210031554072178,0.2978152357560606,3.8563813068564667,27,63.87797619047619,336
28,3.1867338937207297,0.28904118422693925,3.8101689207768286,28,64.13946587537092,337
31,3.2697170354969503,0.2536480846179321,3.7303756385892353,31,64.13946587537092,337
29,3.360077906780438,0.2595304755776757,3.3759744543322276,29,64.3698224852071,338
31,3.404501910112282,0.2356554129237562,3.3402226511713606,31,64.3698224852071,338
27,2.956782861219698,0.2584265784502506,3.9615055387324376,32,64.3698224852071,338
29,3.0231131727234444,0.2779621071732934,3.90823419962823,30,64.3698224852071,338
31,2.9727281248074684,0.27545508530354423,4.020792730777118,31,64.3698224852071,338
31,3.072237097172552,0.25112231540798513,3.4321295928035793,31,64.62058823529412,340
32,3.015187824761456,0.2531389497891022,3.696373581977293,32,64.62058823529412,340
29,2.891852766255938,0.2537294280085693,3.4965298364008914,31,64.69208211143695,341
29,2.8451684293534396,0.27777369630764337,3.7708911499010913,30,64.69208211143695,341
30,2.906160193596591,0.2679536883093514,3.5724152249081254,30,64.79239766081871,342
31,2.9626018231548295,0.2578360178701493,3.620277929918088,31,64.79239766081871,342
31,3.0333982386623677,0.24833955277245642,3.477675052513615,31,64.85131195335276,343
29,3.1228658241125133,0.23906211449935738,3.322111292909366,31,64.93313953488372,344
30,3.2451810630417315,0.25055921413288224,3.357532118117274,30,64.93313953488372,344
30,3.2391583526528014,0.27290887216933,3.8350444144798397,30,64.93313953488372,344
32,3.3447373702774494,0.2501133765932772,3.85604774777706,32,64.93313953488372,344
33,3.455584292963003,0.23727247923390404,3.863707928427879,33,64.93313953488372,344
31,3.5517087735970403,0.2371377111093482,3.877252107226084,33,64.93313953488372,344
32,3.1885299663428857,0.26232009920467547,4.536112796351169,34,64.93313953488372,344
32,3.225479565239235,0.2736621868920234,4.3716861633303115,32,64.89855072463769,345
32,3.1684033208730478,0.24218118583839127,3.7157714064264526,32,64.73065902578797,349
30,3.044863399498729,0.27707515590758647,3.974480563169903,30,64.73065902578797,349
31,3.004338519305892,0.27821022100319676,4.193635139824052,31,64.73065902578797,349
30,2.9510660438469856,0.28988299102729154,4.232258127181503,30,64.65714285714286,350
33,2.9889970453419212,0.24707897312487664,3.9881910946537604,33,64.77207977207978,351
31,3.0391770678669374,0.25494974520839053,3.7472821639221165,31,64.70454545454545,352
33,2.9783504131216727,0.24767790735813877,4.009416890967905,33,64.70454545454545,352
26,2.5270547266832626,0.25882148057797855,3.9948777886437314,32,64.70454545454545,352
27,2.662099067369637,0.2896060431686167,3.9471128585411814,29,64.70454545454545,352
28,2.8241372594881877,0.2986181071011152,3.9055436902231055,28,64.70454545454545,352
29,2.9369130037758104,0.2849750592886857,3.782617029302621,29,64.97450424929178,353
30,3.034801221619461,0.2616314678659347,3.515561310541184,30,65.21186440677967,354
29,2.925723645300642,0.27126527056652994,3.696225904862349,30,65.21186440677967,354
31,3.3185308395509647,0.23990939732505778,3.309875652416411,32,65.21186440677967,354
32,3.381821889461426,0.24059503209373564,3.374616879573455,32,65.21186440677967,354
32,3.443539935386295,0.2159371963053769,2.930938887752855,32,65.39044943820225,356
34,3.494031387871658,0.1939693369906304,3.0441418975528873,34,65.39044943820225,356
32,3.5272997501082584,0.1957652156372302,3.1992753014511264,34,65.39044943820225,356
32,3.2903773447407074,0.24375631934948533,3.7406820774190224,32,65.45378151260505,357
32,3.308101399125989,0.23414897647920643,3.6625973335588724,32,65.49720670391062,358
32,3.010152833728564,0.2690451629260319,4.363515292429956,32,65.49720670391062,358
33,2.9725738231670724,0.2699157287665947,4.583466271000178,33,65.49720670391062,358
31,3.0124637715880347,0.27226350633593466,4.615781746177893,33,65.49720670391062,358
31,3.043649357064702,0.2849768029201733,4.6511076368144195,32,65.49720670391062,358
31,3.0907484527955575,0.2763549458997311,4.250142963193495,31,65.36666666666666,360
31,3.157291932548084,0.2303862728794157,3.232168097816803,31,65.1565934065934,364
30,2.913440838983865,0.25623029111118345,3.6795055548609104,31,65.1565934065934,364
29,2.7380898698406284,0.24731749878572823,3.7171567588007393,32,65.1565934065934,364
29,2.8128279652186547,0.2813659072555239,3.7429921488516724,29,65.1565934065934,364
29,2.9016432669740357,0.25597258237573184,3.4123746557112002,30,65.28219178082192,365
29,2.9653860227511792,0.26498759217818946,3.5464070873562124,30,65.28219178082192,365
30,2.9989479508546455,0.2625405237060086,3.4860397985533154,30,65.28219178082192,365
29,2.922388053068146,0.24687159957147023,3.3523549104074166,31,65.28219178082192,365
32,3.1743234347707365,0.2265440083754045,3.099879627215256,32,65.53825136612022,366
32,3.158876877110292,0.23793302483255202,3.357036069856695,32,65.53825136612022,366
32,3.2206719383560247,0.22632528935184348,3.130554310566569,32,65.79291553133515,367
33,3.1831451372292987,0.2288713631809386,3.3898730047207404,33,65.79291553133515,367
31,3.279225028399812,0.2303920863316996,3.439704482355108,33,65.79291553133515,367
31,3.0234104207302237,0.27476219723450845,3.920558799761903,31,65.79291553133515,367
33,3.0893106121324694,0.2559098474362383,3.9976998524873055,33,65.79291553133515,367
33,2.991984988004524,0.24540503290758478,3.8360170688800146,33,65.94037940379404,369
33,3.043612126339566,0.246164424663948,3.864082021261813,33,65.94037940379404,369
31,2.944108920203846,0.2593116628875189,4.133709503015883,33,65.84324324324324,370
31,2.9773300869007397,0.26177046753090744,4.2153732071210595,33,65.84324324324324,370
31,3.0062624636954127,0.2855199259458442,4.315553929342255,31,65.84324324324324,370
31,3.045084448130008,0.2662076787757486,3.8927314057355566,31,65.72849462365592,372
30,2.6320348674117158,0.247016226575498,3.7272667687408894,32,65.67560321715818,373
29,2.7055324191609214,0.25009337278142185,3.802900804755536,32,65.67560321715818,373
29,2.718253949254075,0.293289310887592,4.137902297478014,30,65.67560321715818,373
30,2.854570623011635,0.26784237396003907,3.820520226520275,31,65.58288770053476,374
30,2.9640115444099893,0.254553385931894,3.542200821599081,31,65.6622340425532,376
30,3.0359143709396292,0.26318456350578334,3.541794829896681,30,65.6622340425532,376
29,3.188772591289619,0.25987733590757733,3.530809563054545,30,65.6622340425532,376
30,3.3693251467860343,0.2453824020928988,3.522207445166882,31,65.6622340425532,376
32,2.8612843326457655,0.26742694199819095,4.193538691091149,32,65.6622340425532,376
32,2.9135571567756355,0.24522090103305588,3.786147470081704,32,66.17724867724868,378
32,2.9637000476902946,0.24659421228910455,3.828655046342693,32,66.17724867724868,378
30,3.0207215080634615,0.24801152822324513,3.849203310404923,32,66.17724867724868,378
31,2.749259932932267,0.28136714515653927,4.465374385616352,32,66.17724867724868,378
31,2.7841761397047944,0.2916543483606624,4.504249323421686,31,66.17724867724868,378
32,2.8435115656506875,0.25901847433340924,4.0744526490457025,32,66.36578947368422,380
33,2.9029199798344005,0.2359879974767113,3.8107423120062154,33,66.26509186351706,381
31,2.961811606787011,0.2365656511760861,3.8263803118055297,33,66.26509186351706,381
32,2.930331421145776,0.23941358027595938,4.060183340760351,34,66.26509186351706,381
32,3.007535951736877,0.2504369171290978,3.848039707991755,32,66.20680628272251,382
32,3.072017458305677,0.21588203974564324,3.1104838621278943,32,65.98441558441559,385
30,3.052994450039934,0.26355084930271194,3.5436093664127175,30,65.98441558441559,385
31,3.1687555016836315,0.24165505020739889,3.2979521352566312,31,65.88860103626943,386
30,3.0383215607809118,0.27634684917961033,3.7444860696242306,30,65.88860103626943,386
32,3.110766421391792,0.2555027157902423,3.7590015948105933,32,65.88860103626943,386
30,3.189987274247433,0.2660956541503714,3.5546163325126905,30,66.00516795865633,387
31,3.2295077141496935,0.256077090431578,3.611555949666038,31,66.00516795865633,387
29,3.1046362840647914,0.30060992852536556,4.110040161942316,29,66.00516795865633,387
29,3.199710665761499,0.29403557365327637,3.946270812773276,29,66.00516795865633,387
31,3.1869444115307077,0.2810269761809289,4.065663253214312,31,66.00516795865633,387
30,3.0979483971002884,0.2869560542057964,3.9245476411703937,30,66.26030927835052,388
31,3.004143100382748,0.2559386525345483,3.7205053836980837,32,66.48071979434447,389
27,2.691075769594703,0.2549272008648952,3.6789296211616005,32,66.48071979434447,389
30,2.637756279244693,0.284200251058247,3.999840840112945,31,66.48071979434447,389
31,2.6777489967644805,0.2907909406535299,4.085700916938147,31,66.48071979434447,389
31,2.815693677570863,0.26752688154086196,3.6025116782854414,31,66.68286445012788,391
33,2.904703110051361,0.24666014226730776,3.6267277197507077,33,66.68286445012788,391
32,2.702738918946102,0.26848069369704075,4.079853313591636,33,66.68286445012788,391
32,2.832086950394137,0.25646102610070354,3.5424264958504468,32,66.80661577608143,393
32,2.914123728400815,0.2571016959255743,3.5704776160348577,32,66.80661577608143,393
33,3.013098438240356,0.24590713793634006,3.5394368003320795,33,66.80661577608143,393
35,3.134525663337587,0.21217030588159264,3.253782289195506,35,66.8502538071066,394
33,3.242668640428074,0.19949458465198494,2.9975113346850915,35,66.91645569620253,395
34,3.3345738400332445,0.21022399486724747,3.045657747596172,34,66.91645569620253,395
34,3.4197623311588607,0.21034015114561677,3.1000883617426878,34,66.91645569620253,395
34,3.262661442823383,0.24431562745511315,3.753968990278564,34,66.91645569620253,395
35,3.349220786867494,0.22121278426454122,3.512787460507405,35,66.81818181818181,396
34,3.40763319634151,0.2108434446905062,3.528790195345487,36,66.81818181818181,396
35,3.3812536333637127,0.21124560897943445,3.4735506896209705,36,66.73803526448363,397
35,3.448925292960595,0.1989330396841823,2.9613906333965123,35,66.61904761904762,399
36,3.4980697191952808,0.16355179390157937,2.4856481249653815,36,66.52618453865337,401
35,3.241186586037438,0.191071323444092,2.8058390577109633,35,66.52618453865337,401
32,3.0333196564620435,0.19549792756576867,2.9494672979235927,35,66.52618453865337,401
32,2.721742826951543,0.26480276287647514,3.7028903665261343,32,66.52618453865337,401
32,2.683453189124047,0.2652774447362414,3.9401940168667067,33,66.52618453865337,401
33,2.7209823675762506,0.24461039275804053,3.7721985324758713,34,66.66417910447761,402
33,2.724663087833924,0.25475347015518396,3.803620957139928,33,66.66417910447761,402
31,2.3678343142779488,0.2648171291392819,4.015515296186347,33,66.66417910447761,402
33,2.5561727074756067,0.23714062921309165,3.6014230501068027,34,66.94789081885857,403
33,2.662146093947436,0.24715211744574475,3.575647821262904,33,66.94789081885857,403
33,2.8146763229488805,0.23391491972528416,3.2378914367962133,33,67.20544554455445,404
33,2.921632440760352,0.2442655867858949,3.353255942274744,33,67.20544554455445,404
32,3.1060640084957862,0.23274011159047536,3.270308483074351,34,67.20544554455445,404
32,3.1743015957614276,0.2611104179412012,3.398822326271154,32,67.20544554455445,404
36,3.3294666475581463,0.21880472772534382,3.3616955753818827,36,67.20544554455445,404
37,3.1166798254793413,0.20669481579544813,3.322263886282724,37,67.34729064039409,406
37,3.196567384910902,0.20499630087548318,3.317499001214858,37,67.34729064039409,406
36,3.096227895713639,0.19591168218585941,3.351162925659505,38,67.25552825552826,407
36,3.141574518677025,0.19657221445550388,3.409306798545377,38,67.25552825552826,407
36,3.0293060075790486,0.24115490221755437,3.897362894017391,36,67.25552825552826,407
36,3.0544004270568816,0.22225101705800754,3.544748581019146,36,67.1320293398533,409
35,3.0397203461701627,0.2349159865028853,3.620318212024415,35,67.07560975609756,410
35,3.058127366526274,0.2390140176741932,3.6846634008441104,35,67.07560975609756,410
33,3.013488383770597,0.27259623562750446,3.9191281066128143,33,67.07560975609756,410
33,3.05597640253839,0.2647478952479094,3.7098967029863146,33,67.20681265206812,411
32,3.1243144143049006,0.2654788885943864,3.466226023558138,32,67.15291262135922,412
32,3.1882009441193935,0.2653106520686175,3.4397544907039963,32,67.15291262135922,412
30,3.169786603308511,0.2950685560342545,3.640078651719887,30,67.15291262135922,412
30,3.1696830693782445,0.3029573798778313,3.818596415497697,30,67.15291262135922,412
31,3.068443507395602,0.3004817715653447,3.989859084784032,31,67.15291262135922,412
31,3.1167970829832186,0.2779362521163282,3.5544943631330033,31,67.70048309178743,414
32,3.021718087538728,0.2864939548748054,3.9685313961706186,32,67.70048309178743,414
32,3.034485071724525,0.28615584297224844,4.012481717540566,32,67.70048309178743,414
32,3.034397174418083,0.28607347581005055,4.07010043069938,32,67.70048309178743,414
33,2.997332676336227,0.2777320677668206,4.143084247745372,33,67.70048309178743,414
33,2.9119323014665057,0.26745854346372555,3.9397867382653486,33,67.85576923076923,416
33,2.7301600824053835,0.2683392604348056,4.011924392503565,33,67.85576923076923,416
33,2.779060301902251,0.2571857266498937,3.7837068801257057,33,67.89448441247002,417
33,2.954813404048658,0.2561640812471562,3.7307268199170984,33,67.89448441247002,417
33,2.957213303840187,0.25344182062061515,3.6452952039489115,33,67.95215311004785,418
35,3.091635915143714,0.22914180134267115,3.547003964411991,35,67.95215311004785,418
36,3.1512500707292714,0.20766348202672297,3.3589060275839877,36,67.97613365155131,419
30,3.0589878989957873,0.19778491678672447,3.1914643013562043,36,68.02142857142857,420
31,2.637076884860746,0.2849576543501032,4.143513771117241,32,68.02142857142857,420
32,2.6061532709898927,0.2882858960437376,4.200941869742039,32,68.01425178147268,421
32,2.692684284945768,0.2792586189850099,4.062145293787585,32,68.02843601895735,422
32,2.6944334448346816,0.28378321376353255,4.215439841667542,32,68.02843601895735,422
29,2.5943544583838514,0.27682480349368876,3.9141179472311283,31,67.97169811320755,424
29,2.7157668145850087,0.27947195111280143,3.7922272342207894,30,67.91764705882353,425
30,2.7692137814793583,0.2914904891105684,4.046037979774811,30,67.91764705882353,425
30,2.8993529995844005,0.2813139633989927,3.8080466480207913,30,67.86619718309859,426
31,2.8687766401764425,0.2713006737877036,3.8106824100906755,31,67.78220140515222,427
30,2.971275475364997,0.25148150907458355,3.7078002399415695,32,67.7196261682243,428
30,2.9673422060320056,0.2747334721560507,4.031882341300281,31,67.7196261682243,428
30,2.867093114737424,0.29715106089592935,4.345806067024213,30,67.7196261682243,428
30,2.930161661635415,0.3051650962928829,4.547360016567813,30,67.7196261682243,428
33,3.019456937621465,0.27255580087074216,4.506477070107787,33,67.7196261682243,428
32,2.7099723100304467,0.27073791602047614,4.656199199827318,34,67.7196261682243,428
32,2.65851861908115,0.27361380847053735,4.682399376473845,34,67.6946386946387,429
32,2.6278495916356226,0.2837309376052625,4.459249282178169,32,67.63109048723898,431
32,2.7079070255951665,0.24963479143261494,3.788839514340883,32,67.54147465437788,434
32,2.757588316639867,0.25008814665137413,3.772049538715277,32,67.54147465437788,434
26,2.3286884973413327,0.24268566575849337,3.6066863484175458,32,67.49885057471265,435
26,2.3615990739910577,0.300103157515341,3.8931674670675434,28,67.49885057471265,435
29,2.5072169190608293,0.2789889346285165,3.893017106403943,30,67.49885057471265,435
29,2.7124518816780387,0.25329618602186615,3.375996440731299,30,67.61784897025171,437
30,2.7615049553539066,0.2574766797708681,3.512848222370988,30,67.61784897025171,437
28,2.4969043425979467,0.29471642783038743,4.274456421327165,30,67.61784897025171,437
28,2.706226260194157,0.3058970756075236,4.297852857566857,29,67.61784897025171,437
28,2.9085271034337437,0.32484477852370963,4.4804197870371025,28,67.61784897025171,437
28,3.109410599614184,0.3025690910723951,4.045769396044667,28,68.22095671981776,439
30,2.8454419391071784,0.28986701385177743,4.222602727158068,30,68.22095671981776,439
29,2.9440847908151495,0.27928819219032364,4.250093981801663,31,68.22095671981776,439
29,2.9338108567627392,0.31039867805557153,4.496955723494639,29,68.22095671981776,439
30,3.004097026578518,0.29952151147595435,4.5503574736746435,30,68.22095671981776,439
31,2.929324202537182,0.27760257864606575,4.3650734711847985,31,68.11111111111111,441
31,2.945706488692625,0.2790567773550707,4.454259394540031,31,68.11111111111111,441
29,2.7386701057308986,0.2896465926479943,4.680215772782574,31,68.11111111111111,441
30,2.792501682094181,0.2893370698297017,4.69294146123581,31,68.11111111111111,441
30,2.7846232485865876,0.2896024332685294,4.446361962005853,30,67.97516930022573,443
31,2.841421536996281,0.24506567841320398,3.7675011203147943,31,67.83183856502242,446
31,2.8989388087994143,0.2203567580464506,3.2618519950669924,31,67.70089285714286,448
29,2.6736106649375633,0.22207189042799522,3.355642837989939,31,67.70089285714286,448
29,2.6405735252476967,0.259261251427353,3.705757931503726,29,67.58574610244989,449
29,2.8097821620240637,0.24480499394526067,3.3859661081868784,29,67.51333333333334,450
30,2.707312829809716,0.24355416703316413,3.524937890805103,30,67.67849223946784,451
32,2.7670216870754274,0.2177652007204463,3.4733743116868543,32,67.67849223946784,451
31,2.780946705250921,0.21753032444637532,3.5043110448038592,32,67.67849223946784,451
31,2.9541603650836192,0.22409572281108356,3.2923922182325316,31,68.0,452
33,3.069593189618786,0.19739460807515236,3.221355612652461,33,68.0,452
33,3.132373875344147,0.18140609875662467,2.926882690454002,33,68.29801324503312,453
33,2.8592375037973117,0.21891543656488688,3.5786366824072466,33,68.29801324503312,453
31,2.9280825735863174,0.21899073875545555,3.5283469239861933,33,68.29801324503312,453
31,3.0223046644647362,0.24027726831749963,3.4628906348601016,31,68.29801324503312,453
32,3.1112525315049293,0.21771629223957925,3.1523587263876753,32,68.23788546255507,454
33,3.1856696491905567,0.19300773587914322,2.8410925152035413,33,68.2021978021978,455
33,3.256068819514908,0.19194878259080772,2.759011518616555,33,68.2021978021978,455
31,3.285622969610782,0.19114590409817772,2.7060043674205168,33,68.2021978021978,455
33,3.3375179423740553,0.19229980204984906,2.729468622379645,33,68.2021978021978,455
33,3.082819363588705,0.20617045471244255,2.9139580095167497,33,68.14254385964912,456
34,3.1296282047431427,0.18113846397486855,2.659904337959732,34,68.0875273522976,457
34,3.1264541570150826,0.1844215350404582,2.7681021917272233,34,68.0875273522976,457
29,2.866992628476565,0.18758556341024202,2.861978075669342,34,68.0875273522976,457
29,2.7019035170095274,0.2701589100268984,3.6340687458590586,30,68.0875273522976,457
30,2.8293119671852023,0.24622103977248283,3.3692557168693815,31,68.2467248908297,458
31,2.8079716585792287,0.24915045862052798,3.7101358938295643,32,68.2467248908297,458
30,2.649381469792916,0.2751802590914893,4.284692663802696,32,68.2467248908297,458
29,2.277848759581159,0.30868855454802113,4.60196775718804,30,68.2467248908297,458
29,2.378007424904607,0.310555114697286,4.6546885397460676,30,68.2467248908297,458
29,2.512515571994864,0.3212830183741693,4.700726049788015,29,68.2467248908297,458
29,2.707659312260339,0.2996131604990082,4.212070557198307,29,68.84130434782608,460
29,2.9355448322185955,0.2972563670548306,4.1529041504282524,29,68.84130434782608,460
29,3.1598917189063602,0.2741716988705527,4.0754321152726725,31,68.84130434782608,460
30,2.9020136096685976,0.29358880484238503,4.234246763595421,30,68.84130434782608,460
31,3.023291515025103,0.28170901219590166,4.208362601475375,31,68.84130434782608,460
32,2.783099406747742,0.2821991139961026,4.388845385015575,32,68.8030303030303,462
31,2.873430311910354,0.28156581280306164,4.210300049807607,31,68.71490280777537,463
31,2.8969077401804055,0.29228788242627896,4.456338438035314,31,68.71490280777537,463
29,2.8409412969147723,0.31429158814571245,4.463399292088736,29,68.65517241379311,464
33,2.9280808643594214,0.26147786384791893,4.15210702329528,33,68.58064516129032,465
32,3.0138894357176627,0.24536056085558175,3.580601068053052,32,68.49250535331906,467
34,2.96032289990179,0.2253875057467295,3.5621720957934326,34,68.42307692307692,468
33,2.996501227493395,0.21613487018851305,3.5592934309001762,35,68.42307692307692,468
34,2.8948338771375113,0.22727654413249426,3.897776545333909,36,68.42307692307692,468
33,2.931736745253279,0.23881440923820074,3.532248340142032,33,68.37234042553192,470
32,2.997997046246227,0.2509852111444148,3.5888999327755955,32,68.37234042553192,470
34,2.961573916359385,0.23084853141384643,3.6517908896839564,34,68.37234042553192,470
29,2.4649223650000396,0.2770067133670129,4.131576075501872,32,68.37234042553192,470
29,2.3916679032119825,0.307122862506241,4.024569249867421,29,68.6624203821656,471
32,2.473880250343397,0.2628976834642438,3.9066635676697703,33,68.6624203821656,471
30,2.576705895740072,0.2803239344651417,3.8021697319722763,31,68.6624203821656,471
33,2.5632202529114263,0.25693177162673064,3.714940042399434,33,68.95338983050847,472
32,2.6516725208631358,0.25424047137629713,3.657518539005326,33,68.95338983050847,472
32,2.7146855873292894,0.2465909063988161,3.4367982559964028,33,69.2262156448203,473
34,2.836682913925195,0.2193414816284606,3.1056831455861134,34,69.4746835443038,474
35,2.972801677830277,0.20361679197956323,2.9888825536417123,35,69.4746835443038,474
36,3.1171950687905126,0.19096669127493215,2.960877407960679,36,69.4746835443038,474
34,3.1633680468860224,0.19291965892374208,3.051878039679924,36,69.4746835443038,474
34,3.2313360861086093,0.2051815907623925,3.1214567976982117,35,69.4746835443038,474
34,3.0708920010036853,0.25181912010132335,3.838946900058635,34,69.4746835443038,474
35,3.1688317950818172,0.22045113822462709,3.3802891553147467,35,69.47268907563026,476
35,3.0378309573374005,0.22101583014917042,3.3756758605886255,35,69.38574423480084,477
33,3.0843328589174517,0.21165529764276986,3.203872370439108,35,69.2970711297071,478
33,3.0836099089111983,0.234943517556107,3.4363958874234948,34,69.2970711297071,478
35,3.136353879870316,0.22558001536929984,3.442343768423147,35,69.2970711297071,478
35,3.172039764334668,0.20293798615171096,2.9998564151757905,35,69.1875,480
33,3.1790862227633605,0.21436841947671703,2.808820371572401,33,69.13305613305613,481
34,3.086726563868276,0.21746666752991717,3.0815138893273226,34,69.13305613305613,481
33,3.0555441850577942,0.2404497409885341,3.317721288695241,33,69.13305613305613,481
35,3.11056282670799,0.2188871042624448,3.2922894767341035,35,69.13305613305613,481
34,3.2134056545811527,0.21378359908419323,2.972914798954665,34,69.33402489626556,482
35,3.240942039737517,0.21397753892351856,3.161578348894622,35,69.33402489626556,482
32,3.180821966384821,0.20234269530390517,3.175053804378192,36,69.33402489626556,482
34,3.019084228113112,0.2324185235671924,3.5137708196918176,35,69.33402489626556,482
34,3.1226022030218394,0.2397543636304425,3.4740156026865083,34,69.33402489626556,482
35,2.96338219328949,0.2269077290140329,3.3689642074096025,35,69.82851239669421,484
34,2.983225990749542,0.2269675813854463,3.3756439649992087,35,69.82851239669421,484
32,2.7769766907038376,0.24881937359796685,3.6050047408403665,34,69.82851239669421,484
32,2.8185655412498494,0.260624986230078,3.6526919950522307,33,69.82851239669421,484
33,2.8718540961912438,0.26180100139777013,3.6846837894665807,33,69.82851239669421,484
34,2.9276020660270152,0.23054016447346193,3.2580757242195504,34,69.84156378600824,486
35,3.0068622022399842,0.2211973088627061,3.306383162018606,35,69.84156378600824,486
33,3.0972665525883714,0.21125582092553755,3.119899486504675,35,69.81930184804928,487
33,2.959980068846198,0.2664858509394905,3.8005728143321598,33,69.81930184804928,487
33,3.0014624346397754,0.26734577836478146,3.823096001950636,33,69.80942622950819,488
34,2.9507179192824036,0.268772953041202,4.044753798346814,34,69.80942622950819,488
33,3.001542204588537,0.28873591557341605,4.267895145239918,33,69.80942622950819,488
34,3.090143868382534,0.28055318534521556,4.295032476859305,34,69.80942622950819,488
32,3.1896382667319223,0.2990587319230329,4.263642155524034,32,69.80942622950819,488
35,3.1354585596815787,0.26873546879035104,4.1615197319539305,35,69.76482617586912,489
35,3.2174682195386772,0.2340675090625493,3.434258193372736,35,69.60772357723577,492
37,3.188386154076751,0.22356033215881194,3.556465138773881,37,69.60772357723577,492
35,3.2144209686169187,0.22409942908182998,3.559436006044391,37,69.60772357723577,492
35,3.2456015416585164,0.2139020326638859,3.3804483256270657,37,69.53549695740365,493
36,3.263170691893345,0.21423773985791206,3.2106569219572867,36,69.53238866396761,494
35,3.179131418941532,0.23516285939117235,3.389531315633792,35,69.48686868686869,495
37,3.16808667391974,0.21913340230026496,3.4777792482678738,37,69.48686868686869,495
30,2.92970190153566,0.24045981866444016,3.4811233552562264,35,69.48686868686869,495
31,2.9987528064558937,0.26877849127204473,3.410779849374867,32,69.76411290322581,496
34,3.0150677219228603,0.24934983625014773,3.6287479448802786,35,69.76411290322581,496
32,3.137341472723067,0.25808458606237317,3.4272565969433084,33,70.03219315895372,497
34,3.243867729447473,0.2451739986559443,3.36922761901108,34,70.03219315895372,497
32,3.2903840814209993,0.2539258306417169,3.376332299216187,33,70.03219315895372,497
33,2.9201702420747933,0.24269459702000684,3.3803224030711863,34,70.52905811623246,499
35,3.005637723324572,0.2289388596425537,3.3484936513542585,35,70.52905811623246,499
35,3.058282638678202,0.22809598558424166,3.378294148946142,35,70.52905811623246,499
34,3.1061764480081147,0.22930787272373165,3.447106907564097,35,70.52905811623246,499
33,3.0210526600175864,0.25272345390298473,3.915866969636205,35,70.52905811623246,499
34,3.0627098203914613,0.25465431892990764,3.9790181265945885,35,70.52905811623246,499
34,3.1387326349629388,0.2652277826014885,4.0308771332018045,34,70.52905811623246,499
35,3.2102781780261003,0.23434868549418136,3.590546194271785,35,70.562874251497,501
36,3.0923370946809445,0.2240729623869574,3.5450124002210055,36,70.4780876494024,502
34,3.1561167527443863,0.22494033772285066,3.5558657373979825,36,70.4780876494024,502
34,3.114927532977704,0.23671122485832946,3.7891015864489157,36,70.4780876494024,502
35,3.1791469427420056,0.23523166547357394,3.582156753793388,35,70.41948310139165,503
36,3.0806805589586825,0.20101449997534243,3.1004599350817084,36,70.21696252465483,507
36,3.055235037544457,0.20182709186218697,3.1386627502986584,36,70.21696252465483,507
33,2.5276820762151133,0.21693145715415713,3.4866089452329945,36,70.21696252465483,507
33,2.5350149687361503,0.2501579792364271,3.6068854486397703,33,70.21696252465483,507
33,2.5045957945416695,0.2398247896959037,3.6581849508658024,34,70.14566929133858,508
33,2.5326251263801955,0.2290049870241174,3.4783594233885204,34,70.39489194499018,509
34,2.6085176878726557,0.22743044160853115,3.463452849989212,34,70.39489194499018,509
34,2.749765063074082,0.23682738054945202,3.588763684425979,34,70.39489194499018,509
