0,0.0,0.9999999978544045,13.89,0,0,0
0,-0.04108296069920936,0.9909466076322,14.016752921347441,0,0,0
0,-0.05334998116325329,0.9836958817862204,14.075257809589399,0,0,0
0,-0.03072467576662008,0.9808041697906542,13.954751604374147,0,0,0
0,-0.02985605368861277,0.9803244917853493,13.939120459017136,0,0,0
0,0.0021463839999817935,0.978053261678693,13.817889406427707,0,0,0
0,0.018248648803825818,0.9759733626887419,13.756891099666234,0,0,0
0,0.06307455030371767,0.969644686643816,13.587082434620733,0,0,0
0,0.14907884816668615,0.9589511602639045,13.372323699741182,0,0,0
0,0.2425957584575762,0.9377988609606477,13.047586228756066,0,0,0
0,0.5505417415351904,0.898003333330237,11.822709408210223,0,0,0
0,0.9289419713702062,0.8270189502264689,10.34037442554918,0,0,0
0,0.8352005430404428,0.820297130420794,10.180034777128592,0,0,0
0,0.9447976513489074,0.8057936583243389,9.925657830757984,0,0,0
1,0.8362641707032702,0.7610688238415977,10.078680741866979,1,0,0
2,0.7708926538941014,0.7187794134323796,10.056069464272138,2,0,0
3,0.9536315366043726,0.6834585198548797,10.170568206200189,3,0,0
3,1.0607135416707463,0.6678295349055458,9.971008943419427,3,0,0
3,1.102182678178729,0.6645041896411363,10.020222674366444,3,0,0
5,1.1530572874696836,0.5969544131118243,10.038782690355971,5,0,0
5,1.1033162890503587,0.6030359889093504,10.248102109436957,5,0,0
5,1.1185198884377958,0.6026016273211539,10.250867456284686,5,0,0
5,1.163891287096828,0.5972519704547932,10.102537327971286,5,0,0
5,1.218005429557024,0.5776872171263062,9.609258954605174,5,23.0,1
5,1.282677539914375,0.6091281878550872,9.973049183066896,5,23.0,1
5,1.3661833584574001,0.5706695964215204,9.18800103076486,5,24.0,3
5,1.4819289325822473,0.5452396590436233,8.702754145990557,5,24.5,4
5,1.5756909618986756,0.5346618381179921,8.328290286018204,5,24.5,4
6,1.4281744284300306,0.49073985412688137,7.9059150413398225,6,24.8,5
7,1.502082812455618,0.3944194975084005,6.391667226208783,7,24.285714285714285,7
8,1.4440521420373986,0.37874300514219106,6.555365991012828,8,24.285714285714285,7
8,1.6386359548698746,0.36912712343674253,6.115934165523134,8,24.285714285714285,7
8,1.7742487581946005,0.3881684829365366,6.211454448030944,8,24.285714285714285,7
9,1.9411572456794302,0.3498182570896111,5.880996392577549,9,24.285714285714285,7
9,2.062015914389119,0.3444661604775156,5.697641727012348,9,24.285714285714285,7
9,2.2181451819775946,0.3386756937013585,5.492734941205606,9,24.285714285714285,7
9,1.842647573107421,0.3611419949400074,5.7902804980124865,9,24.25,8
10,1.757831587009015,0.3537843910828574,6.073158874396137,10,24.25,8
10,1.7109320091627938,0.349159064413995,5.80409816057788,10,24.0,9
10,1.7670943538152013,0.3440404468163085,5.6283301529889,10,24.0,9
10,1.7786495079210718,0.3854498231767499,6.236551952628732,10,24.0,9
11,1.8267925405949266,0.3541581032255236,6.015910411570255,11,24.0,9
11,1.8233762924986725,0.37007777037453427,6.164884345990136,11,24.0,9
12,1.857318971488259,0.3421719668589881,5.982895709191688,12,24.0,9
12,1.9278293773440551,0.33740053270963843,5.767186048587325,12,24.0,9
12,1.9077381601556356,0.35567616481751774,5.922227709096319,12,24.0,9
12,2.002779420194242,0.3512762094119683,5.630518682055087,12,24.0,9
12,2.13833745960711,0.34413466757747796,5.231191967496821,12,24.0,9
13,2.0418865615790613,0.35291635515030634,5.524372523632555,13,24.0,9
14,2.16147926593397,0.3000671992062639,4.685741364966588,14,24.1,10
15,2.140006418172863,0.3098132926917216,5.040013911467518,15,24.1,10
16,2.2408709784718726,0.28012977895802904,4.667517133108467,16,24.1,10
16,2.2948961300869697,0.2717065441426685,4.381379266077408,16,24.1,10
17,2.335787917319653,0.24695714985543532,4.203515861240733,17,24.1,10
17,2.301227846932578,0.24232209212992462,3.9259268530625104,17,23.90909090909091,11
18,2.350717409625571,0.21743320999915888,3.70793084151882,18,23.90909090909091,11
18,2.2885961155405643,0.25547360759639876,4.2665313369516,18,23.90909090909091,11
18,2.3368877709623677,0.2529981584616031,4.149133961395331,18,23.90909090909091,11
18,2.405210100325169,0.24996153696794407,3.9803954381393596,18,23.90909090909091,11
19,2.7989453626324132,0.22139530005472766,3.2777655346655004,19,23.90909090909091,11
20,2.8527553562099164,0.23038982986385653,3.495738419102234,20,23.90909090909091,11
21,2.9278178470681553,0.22516821742977797,3.5522490600207295,21,23.90909090909091,11
21,2.9698346366874584,0.22945358794633697,3.567305863833189,21,23.90909090909091,11
16,2.9568782925932244,0.19936633427684033,3.2256633730043855,22,23.833333333333332,12
17,2.853717970798057,0.29236035823832185,3.636613734952741,18,23.833333333333332,12
17,2.9082370224202534,0.3162190323989562,3.723644218487047,17,23.833333333333332,12
18,2.9540823860352448,0.3072979652007915,3.8481488337813867,18,23.833333333333332,12
13,3.034878342878833,0.39791633167776197,3.9841405198054236,13,23.833333333333332,12
13,3.106587451303291,0.40607609563463165,4.197468105651199,13,23.833333333333332,12
13,3.1837692004680047,0.412020501406696,4.389857460109866,13,23.833333333333332,12
13,3.046562856917662,0.430587874963788,4.902881058938998,13,23.833333333333332,12
12,3.130524738950805,0.4507231495606677,5.106611913176682,12,23.833333333333332,12
13,2.841425266947104,0.4712856476195744,6.071520203777197,13,23.833333333333332,12
14,2.8930615167425096,0.4576652676165558,6.285399612048218,14,23.833333333333332,12
14,2.8004390984809793,0.46928975620284696,6.740642288185264,14,23.833333333333332,12
14,2.7195957381372247,0.47911904035336017,7.166356848920202,14,23.833333333333332,12
14,2.6391664403845083,0.4905521579128844,7.54207019337248,14,23.833333333333332,12
14,2.671856120140108,0.49110637260795414,7.663955654206261,14,23.833333333333332,12
15,2.7102547207255743,0.4770296093156009,7.749966396748491,15,23.833333333333332,12
15,2.7499261686214864,0.45627604815185896,7.375251736908592,15,29.0,14
15,2.5625081099169056,0.4760612490920664,7.762612448255955,15,29.0,14
15,2.7185943815227955,0.4307501374277475,6.971213234964823,15,38.72222222222222,18
15,2.820637042947124,0.4269745320737479,6.9229373051239005,15,38.72222222222222,18
15,2.9572437651915062,0.40987290823667355,6.475496011019898,15,40.10526315789474,19
15,2.777703705531197,0.41814003368005415,6.522427293254497,15,40.2,20
17,2.852319347187458,0.33943728471778367,5.598414215815586,17,41.56521739130435,23
18,3.0815977142991615,0.30086088873473915,5.162309109450944,18,41.916666666666664,24
18,3.2089507922663456,0.2579532728185011,4.178777592654758,18,40.92307692307692,26
18,3.2026190380783555,0.27294370541470225,4.362493111970269,18,40.92307692307692,26
18,3.272674564901346,0.24949897772516605,3.8028822205634016,18,40.7037037037037,27
18,3.1841346254605725,0.26498370555190814,4.033635978011781,18,40.7037037037037,27
19,3.2157800760276514,0.24528596258700272,4.002796552459285,19,40.7037037037037,27
19,3.1392055916765265,0.26141876826467514,4.283021265762093,19,40.7037037037037,27
20,3.1878878626646836,0.24043574828884443,4.186424291821944,20,40.7037037037037,27
20,3.5175074678627043,0.21712210113740602,3.7323101708009454,20,40.107142857142854,28
20,3.553988212959835,0.21378222785012382,3.6537693226819306,20,40.107142857142854,28
21,3.3498331920194113,0.21392485500526737,3.8668940048211935,21,39.55172413793103,29
21,3.37431280424405,0.21163816255055312,3.784923906609731,21,39.55172413793103,29
21,3.053779802339013,0.24678914716965072,4.340564775555034,21,39.55172413793103,29
21,3.08300531681526,0.22624311509702189,3.906684647422024,21,39.03333333333333,30
22,2.9515473030033377,0.24367730581866975,4.344033025497344,22,39.03333333333333,30
22,3.0394278226319753,0.24020537646640983,4.1226626670062405,22,39.03333333333333,30
22,3.0638499680407802,0.22138480063244395,3.7102547107201582,22,38.61290322580645,31
22,3.21433451723492,0.22092674593001826,3.624526315475914,22,38.61290322580645,31
22,3.1692903160927033,0.23758205459291223,3.8350657635192533,22,38.61290322580645,31
22,3.095629430948116,0.23547321403108795,3.597161232958215,22,38.0625,32
22,3.151893228635794,0.2315429949490748,3.4036104151758257,22,38.0625,32
24,3.2133466855161146,0.1954866741101337,3.195771799054831,24,38.0625,32
24,3.223441503374092,0.22310216604232486,3.3949158024862123,24,38.0625,32
24,3.3340088856734735,0.21574240171325798,3.0992108501794227,24,38.0625,32
26,3.432373125179698,0.1788034456738683,2.8252199434705716,26,38.0625,32
27,3.291187637002964,0.17755157822251386,2.956347312817171,27,38.0625,32
26,3.0409890524494525,0.19490753967899388,3.4383671762026955,28,38.0625,32
26,3.0723428680871705,0.22169575003791928,3.3653001903724267,26,38.0625,32
26,2.985186096903236,0.22417487386503088,3.3443435408174746,26,37.63636363636363,33
26,2.984062137785453,0.22618793714325908,3.360300313952042,26,37.63636363636363,33
25,2.9289745390947424,0.22620393635834385,3.041544985967946,25,37.23529411764706,34
25,2.967347894556442,0.2266474422462126,3.008929729562693,25,37.23529411764706,34
24,3.007569861199486,0.24303183508535603,3.000701974438324,24,37.23529411764706,34
24,3.067940073700968,0.2435316632980733,2.9336678337830553,24,37.23529411764706,34
24,2.772654475437789,0.28704117891998404,3.8081059330846405,24,37.23529411764706,34
24,2.6938418372945176,0.3008597195524831,4.095290496324262,24,37.23529411764706,34
23,2.732321669109549,0.31445717299006265,4.162323805082144,23,37.23529411764706,34
23,2.7814684648723977,0.31565176993177424,4.257737666237735,23,37.23529411764706,34
23,2.92373063276219,0.3164150955465552,4.237352518415126,23,37.23529411764706,34
23,3.1960962790784126,0.31471081201125345,4.20829875621127,23,37.23529411764706,34
24,2.851894169447694,0.32599035741778015,4.707943417571722,24,37.23529411764706,34
24,2.914467624529594,0.3259630978300847,4.711974042321689,24,37.23529411764706,34
24,2.9085961613222726,0.33594290838254925,4.903989743222838,24,37.23529411764706,34
24,2.8984189850431443,0.32201822096984933,4.550172732103965,24,42.166666666666664,36
24,2.9337157642773897,0.32142663953761885,4.622858058592287,24,42.166666666666664,36
25,2.9463161268258906,0.30885937313153217,4.670657877620345,25,42.166666666666664,36
26,2.9240695039785787,0.30639628774888816,4.862625721132108,26,42.166666666666664,36
26,2.9808029268483867,0.2921126962864604,4.598103709243318,26,41.7027027027027,37
27,3.0308594267264874,0.2521919071145503,4.079182563271017,27,44.97435897435897,39
27,3.0415232662442593,0.26336394442388755,4.266566786061684,27,44.97435897435897,39
27,3.1055583641629534,0.2730953786973026,4.304512894270991,27,44.97435897435897,39
27,3.3098937418863805,0.24147028175075425,3.5107602904756257,27,46.68292682926829,41
28,3.4033145959338036,0.20978918288005688,3.0792015897211633,28,46.142857142857146,42
30,3.4733820445772086,0.1641235458154998,2.636568357006085,30,45.72093023255814,43
30,3.127144208645792,0.17634326061967912,2.805343850749549,30,46.47727272727273,44
30,3.1688788193150303,0.17365571773644303,2.729611795690397,30,46.47727272727273,44
31,3.2176205090888392,0.14192354570703244,2.317435387582263,31,46.82222222222222,45
31,3.2659152792480795,0.13963899138441238,2.235380388825065,31,46.82222222222222,45
31,3.0574576986837076,0.18414106156362958,3.0058178338234964,31,46.82222222222222,45
31,3.0887632272836982,0.17019437633764367,2.722978096734029,31,46.78260869565217,46
29,3.06926872603594,0.18552434377794877,2.9863814623674596,31,46.78260869565217,46
30,3.1264256785310227,0.18584649688754384,2.942290535333044,31,46.78260869565217,46
31,3.0179246032226095,0.2012629607249417,3.1734029140286077,31,46.78260869565217,46
31,3.0684458334938522,0.1892920072478108,2.864712531314554,31,46.38297872340426,47
29,2.9716388343964293,0.24257707013439633,3.3372239493304083,29,46.38297872340426,47
29,3.0476803344042347,0.2311934107267964,3.0073507004703557,29,45.9375,48
27,2.913246964727621,0.28147536052769917,3.4766034906604713,27,45.9375,48
27,2.9695808478206147,0.2820201230153454,3.4284788263255606,27,45.9375,48
29,2.968003825970882,0.2712318604742812,3.630001434180449,29,45.9375,48
29,3.0222939146129213,0.2719175642353926,3.6283783989144043,29,45.9375,48
27,2.983165585453943,0.30635266149821905,3.887168040006281,27,45.9375,48
26,3.0377603270418514,0.3185931206426739,3.9339742976754435,26,45.9375,48
26,3.074528910993255,0.3193539357421612,3.974086610583179,26,45.9375,48
26,3.10297179522376,0.32009255034116013,4.007137255380508,26,45.9375,48
26,2.9862249298045933,0.33871275505131077,4.400284994693118,26,45.9375,48
26,3.028725638444494,0.3368329277292656,4.37753132105964,26,45.9375,48
27,2.942634108445046,0.3362973023333895,4.626334309951169,27,45.9375,48
27,2.9711175332165265,0.336492272343917,4.6708101192610085,27,45.9375,48
28,2.998292224571495,0.304414643444285,4.253029085719113,28,49.46,50
29,2.8977745755026065,0.29196928156944396,4.242642610174612,29,50.78431372549019,51
29,2.9268412777069495,0.28966980905929385,4.280912496487269,29,50.78431372549019,51
30,2.9298229139144136,0.27759852992897804,4.3250439944548855,30,50.78431372549019,51
30,2.4853575380446857,0.29737819565773255,4.7017237303520645,30,52.07692307692308,52
30,2.4959166460314246,0.28582789865146085,4.500089052351087,30,53.15094339622642,53
31,2.5156075882941393,0.2732182421542432,4.484631509718924,31,53.15094339622642,53
31,2.539581986527208,0.2605651257645415,4.220805076616403,31,54.0,54
31,2.578484533219355,0.25770182897740723,4.16526392171815,31,54.0,54
32,2.6191752552731558,0.23236479228241336,3.8250017277812214,32,54.63636363636363,55
32,2.6623340841496757,0.2037174203368658,3.242597633859323,32,55.421052631578945,57
33,2.7056603220038102,0.1886710487234042,3.1404563679462885,33,55.421052631578945,57
34,2.9076837593511815,0.15975914241399952,2.621659757447234,34,55.49152542372882,59
35,3.1395275656268504,0.14405861519323337,2.481633292158367,35,55.49152542372882,59
35,3.369190499981075,0.12495092910551647,2.0670118417887937,35,55.53333333333333,60
34,3.5571903792190165,0.10862859285689115,1.6465787151912221,35,55.16393442622951,61
34,3.214477593846091,0.12726067703097838,2.1694728368405274,36,55.16393442622951,61
35,3.2829055630891024,0.12368073210617159,1.8362561851640065,35,55.064516129032256,62
35,3.132429158663767,0.13948958482420704,2.0859643809358244,35,54.6031746031746,63
35,3.0801104148685425,0.14254111691218976,2.159169860199583,35,54.359375,64
33,3.0557069769709826,0.18305336757318003,2.515988045562707,33,54.359375,64
34,2.9858556319303586,0.188769203249662,2.8512931134627513,34,54.359375,64
32,2.9828074065739383,0.21587766618001672,2.96970253280277,32,54.359375,64
32,3.01207035978026,0.22068785050094453,3.0751973175761895,32,54.359375,64
30,3.0717058988611416,0.2482787801251075,3.1765781393405845,30,54.359375,64
30,3.1265828309633403,0.2531886942568307,3.256394774749409,30,54.359375,64
28,3.102458637321898,0.2904959220777313,3.5416207188812607,28,54.359375,64
26,3.2251694888506877,0.31401785900974033,3.559279646519379,26,54.359375,64
27,3.0085855438417735,0.32369386230992764,3.998685441352031,27,54.359375,64
27,3.074872801024873,0.3231615561073563,4.0086808641736305,27,54.359375,64
28,2.9694008907187213,0.32629485342979947,4.352912235554952,28,54.359375,64
26,2.902616451182685,0.3592892955552047,4.662600755140827,26,54.359375,64
25,2.836253265683923,0.3806089781119094,4.939466087705305,25,54.359375,64
25,2.874561650235445,0.38285311713237014,5.031174728313388,25,54.359375,64
24,2.808306980517332,0.3868156562054099,4.967030504450106,24,57.22727272727273,66
24,2.8367104691940948,0.3894488378155836,5.0962136420842565,24,57.22727272727273,66
24,2.7421755045122826,0.40662465444852447,5.4907142385341245,24,57.22727272727273,66
24,2.7289499895940788,0.4071246024043276,5.529902060961125,24,58.417910447761194,67
24,2.7880422336604833,0.3988431805026027,5.38789205064736,24,59.705882352941174,68
25,2.8698983683134274,0.3879145368040484,5.391832293762278,25,59.705882352941174,68
26,2.889318516316966,0.37042250443069036,5.080465404250808,26,60.63768115942029,69
28,3.02597758364096,0.3341547185421506,4.683968117026508,28,61.67142857142857,70
28,3.138462112450868,0.3264866658631621,4.462288519286201,28,61.67142857142857,70
31,3.2330280153922875,0.2830740094473496,4.1302518641533155,31,62.309859154929576,71
28,3.283966220735652,0.2499430339394339,3.992000095803693,34,63.111111111111114,72
29,3.386826247057418,0.29026851664342174,3.9271289774261806,30,63.111111111111114,72
30,3.2775700482720524,0.29315282667991266,3.962360172428707,30,64.37837837837837,74
31,3.3062839655771135,0.2872459452279721,4.097187855763977,31,64.37837837837837,74
27,3.3407509041003003,0.3251976170870545,4.074918864787191,27,64.74666666666667,75
27,3.3464665192307206,0.3234315703049867,4.132845788079312,27,65.22368421052632,76
22,3.346432809784555,0.3852479317644758,4.429408101716106,22,65.22368421052632,76
22,3.343224002265776,0.37516042465676736,4.270149019632712,22,65.67948717948718,78
19,3.0564930377727233,0.43333297364826495,4.965674041770595,19,65.68354430379746,79
19,3.0632814262154637,0.4397488142237299,5.260134899473663,19,65.68354430379746,79
19,3.0647769318553015,0.43678516946029544,5.358317038478185,19,65.7875,80
20,3.1401559497932814,0.43080470274178856,5.689745047132147,20,65.7875,80
20,3.067953428484872,0.44309685466544513,6.180613220435135,20,65.7875,80
20,3.094127233643279,0.4464098407711008,6.404361904093823,20,65.7875,80
20,3.113405845337615,0.45734186593162085,6.728003747682377,20,65.7875,80
20,3.141999060505082,0.4592639817476373,6.854873039789943,20,65.7875,80
20,2.930463289124476,0.46764520002062726,7.077444698864228,20,65.8641975308642,81
20,2.883770985742103,0.46700098063715156,7.127684036645808,20,66.04878048780488,82
20,2.9258655801804014,0.4344473017056911,6.5909595526146365,20,68.43023255813954,86
20,2.9961017390311633,0.43289055743318056,6.6482223606040725,20,68.43023255813954,86
21,2.852603820338133,0.41872848810669683,6.547850857222367,21,68.05681818181819,88
22,2.917508268187351,0.40440196045674326,6.494468289266731,22,68.05681818181819,88
22,2.9860676810888043,0.3608553705906431,5.649795544168438,22,69.1086956521739,92
23,3.0550972139092405,0.34554931622976626,5.6459300500888325,23,69.1086956521739,92
23,3.044914695658361,0.3421179946947775,5.553382486902862,23,68.9247311827957,93
23,3.1074832440967435,0.288008615665863,4.536525949213871,23,68.79381443298969,97
24,3.0419932862568295,0.2707352132850631,4.5085943380080975,24,68.45918367346938,98
25,3.2252635787261412,0.25422026954744487,4.438258749265972,25,68.45918367346938,98
25,3.3851158837321136,0.1870083878135898,3.2217527798593233,25,67.3529411764706,102
25,3.418451610509139,0.185199617771765,3.176945728637372,25,67.3529411764706,102
25,3.32925216650317,0.18290817069581852,3.0193294013285894,25,66.97087378640776,103
25,3.433555801987082,0.17854872418940493,2.743471721866264,25,66.97087378640776,103
26,3.2119721585912373,0.21137163005602883,3.522239998116107,26,66.97087378640776,103
26,3.1373334445960257,0.22559956271479342,3.7545348413089834,26,66.97087378640776,103
26,3.0554258439120003,0.2245273472546998,3.7062075663811527,26,66.57692307692308,104
27,3.0777264007863554,0.2095927057034949,3.6410196726918675,27,66.57692307692308,104
27,3.1122306210318262,0.20837169662991392,3.5426126802165325,27,66.57692307692308,104
27,3.1723258961697476,0.20627929644573767,3.3697267569369145,27,66.57692307692308,104
27,3.2335254386959993,0.20487034853583108,3.2682162330686864,27,66.57692307692308,104
27,3.2679782021955566,0.20363014778105276,3.1697194249548786,27,66.57692307692308,104
27,3.2461784400796168,0.18572134070396587,2.738463440198224,27,65.76415094339623,106
27,3.54827989781966,0.18255864401702715,2.584786681628425,27,65.76415094339623,106
28,3.543202653502246,0.1811695954148129,2.7223508711935045,28,65.76415094339623,106
29,3.737890756852714,0.1632532758219641,2.5501312923334574,29,65.76415094339623,106
29,3.292533402285002,0.20693961748446116,3.3001357855504265,29,65.76415094339623,106
30,3.3384937252015217,0.19101837690903165,3.169207995525256,30,65.76415094339623,106
31,3.3818910468959786,0.15963184138241843,2.7652328576629333,31,65.39252336448598,107
31,3.3110346536930835,0.17236519581111068,2.9165679470235353,31,65.39252336448598,107
31,3.257064885815499,0.18661485069881498,3.1078699878139373,31,65.39252336448598,107
29,3.184698390362234,0.18669035644541299,3.0521527946300466,31,65.39252336448598,107
30,3.104107768916985,0.21354960659260344,3.2720876282183573,30,65.39252336448598,107
30,2.9351862418518735,0.2280424459053909,3.5008934419603768,30,65.39252336448598,107
31,2.8490903813650768,0.21787647004808414,3.480875569422753,31,65.02777777777777,108
29,2.7358912801716593,0.24264892797528298,3.4600395750436705,29,65.02777777777777,108
29,2.782790537499884,0.23218748416799143,3.1838584656722526,29,64.65137614678899,109
27,2.871327361270864,0.2561844631079108,3.0556490215179157,27,64.65137614678899,109
28,2.814096954838202,0.2575107898054221,3.269694430287631,28,64.28181818181818,110
27,2.793432182392737,0.2689919992560455,3.217823336991655,27,64.28181818181818,110
29,2.7331569885372025,0.2571374649472856,3.4085999212617706,29,64.28181818181818,110
28,2.8036816681413486,0.2669034704817624,3.3805220530472373,28,64.28181818181818,110
29,2.781749202056824,0.2661850515673878,3.6251164513737066,29,64.28181818181818,110
29,2.8310668556153753,0.2654933046585611,3.655262182381361,29,64.28181818181818,110
29,2.723112510265517,0.27663976392179557,3.8904867909451517,29,64.28181818181818,110
29,2.787236029952479,0.27656328627751203,3.8987429010422754,29,64.28181818181818,110
29,2.6542000087939717,0.29688311838003545,4.3162970082433505,29,64.28181818181818,110
30,2.6711357259118835,0.2849561156526521,4.317741870896505,30,64.28181818181818,110
31,2.6523307554192743,0.2737579532202495,4.345618832880109,31,64.28181818181818,110
31,2.6740180582543553,0.2498816494218205,3.945937205860698,31,65.47321428571429,112
31,2.6184142708755664,0.2609435633308117,4.174033379482136,31,65.47321428571429,112
31,2.768080002646834,0.2591706757596667,4.095517197728438,31,65.47321428571429,112
31,2.9101764467720725,0.2214989051202788,3.301900216415963,31,65.82608695652173,115
31,2.9679539834825297,0.22020262281963932,3.299354080424781,31,65.82608695652173,115
31,2.718697561911368,0.2560664129712601,3.929508542321629,31,65.82608695652173,115
31,2.8762691790474957,0.22929797378229183,3.248230360086253,31,66.04273504273505,117
33,2.966808061276126,0.20465516099401304,3.1902525970106033,33,66.04273504273505,117
33,3.068138226053665,0.2022688188805637,3.1215631528843093,33,66.04273504273505,117
33,3.1524220445480298,0.1864267221124211,2.746130594011197,33,66.19491525423729,118
34,3.0726342082317633,0.17205252819073708,2.68444636289121,34,65.85714285714286,119
35,3.1260134473303474,0.1576408417775288,2.6133397281650996,35,65.85714285714286,119
35,3.178764883403828,0.14093923014133505,2.267387743948432,35,65.86666666666666,120
36,3.0179558882546935,0.16915919963356726,2.9569447693046724,36,65.86666666666666,120
36,3.07674778625204,0.16731397889987998,2.8830394827727415,36,65.86666666666666,120
36,3.0902634194983385,0.16682388056811306,2.802066388648451,36,65.72727272727273,121
34,3.171229366893286,0.16705514377093333,2.7359699556339603,36,65.72727272727273,121
34,3.2749738715558263,0.13879643637135147,2.1177597981689495,36,65.130081300813,123
36,3.357484134339526,0.13894267211586225,2.042477517158203,36,65.130081300813,123
36,3.17855945098031,0.13972183455384624,1.9669604061367862,36,64.79838709677419,124
34,3.239024494776277,0.16460046323736371,1.9667296337032545,34,64.79838709677419,124
34,3.1015669968837014,0.192741446307733,2.463836157503636,34,64.79838709677419,124
33,3.16329587410105,0.20432213673016406,2.4279763758958692,33,64.79838709677419,124
35,3.218969210002709,0.18376395981152666,2.420189079610792,35,64.79838709677419,124
33,3.306510008721287,0.20679176619030448,2.445419769439631,33,64.79838709677419,124
33,3.0542581479471895,0.24430997782866737,3.223749315727049,33,64.79838709677419,124
32,2.958114440942595,0.26736653450711473,3.519475060333609,32,64.79838709677419,124
30,2.9933262601519393,0.28963670689006377,3.58899646781652,30,64.79838709677419,124
30,3.010686051772928,0.2915350323462103,3.6633330974263174,30,64.79838709677419,124
30,2.865230397162106,0.31284111076305854,4.150562341803714,30,64.79838709677419,124
30,2.912660127439218,0.3135952701719018,4.187359635751341,30,64.79838709677419,124
29,2.832922515958934,0.3332234357100849,4.3943296497140985,29,64.79838709677419,124
29,2.849678618128637,0.3335951586189572,4.414168312438772,29,64.79838709677419,124
31,2.808635828717346,0.3216107580529294,4.552097120735617,31,64.79838709677419,124
32,2.8455922951970636,0.2813614613183763,3.8479562151375295,32,66.31496062992126,127
32,2.8515176693096347,0.2783582434017934,3.8339699711141444,32,66.31496062992126,127
33,2.8650776625696444,0.26727402916645937,3.883805972201797,33,66.31496062992126,127
33,2.694241246690997,0.28749800046048135,4.341141130576267,33,66.31496062992126,127
33,2.4974692540560435,0.2768423569802157,4.137339672697583,33,66.7265625,128
34,2.543719563104104,0.26562257298698205,4.124156743897242,34,66.7265625,128
34,2.50258522007427,0.26398070046262945,4.058052172975433,34,67.06976744186046,129
34,2.578010396210059,0.24981958084128525,3.753573654868947,34,67.32307692307693,130
36,2.656663625048357,0.22547975535545833,3.62388087062203,36,67.32307692307693,130
36,2.721963727477046,0.21038889869096675,3.3156401375356057,36,67.49618320610686,131
37,2.776333924017554,0.1720811386090016,2.7833294152710817,37,67.65413533834587,133
39,2.6884580968137417,0.17286073196843538,3.18586642773967,39,67.65413533834587,133
39,2.9894843001985985,0.15784473966116908,2.7731866422653075,39,67.61940298507463,134
39,3.0972863026013115,0.14256387974008838,2.3767558397678843,39,67.56617647058823,136
39,3.2999336210530563,0.14050934687047473,2.305210417992408,39,67.56617647058823,136
39,3.00314227659433,0.16473673244797496,2.677504449085996,39,67.56617647058823,136
38,3.08348335750495,0.1284450276774326,2.103839420181721,40,67.19565217391305,138
38,3.1386594680996995,0.13593957419118258,1.7968871381033535,38,66.98561151079137,139
39,3.1776337901365124,0.12589692351313653,1.7849193699489643,39,66.98561151079137,139
40,3.165330689666087,0.11697845752660728,1.8104595521815388,40,66.70714285714286,140
38,3.2166953447542426,0.14073824055478498,1.8284062806845343,38,66.70714285714286,140
38,3.1666604956730158,0.15729120780716546,2.112035102042529,38,66.70714285714286,140
36,3.2257756905174606,0.1804957416629614,2.1163487705121242,36,66.70714285714286,140
36,3.2847517758919764,0.18248242558195055,2.1199289636541074,36,66.70714285714286,140
35,3.2581891895341495,0.20743157604097323,2.4167255695469514,35,66.70714285714286,140
35,3.3266802238950075,0.21075777986924063,2.5174605852317007,35,66.70714285714286,140
34,3.37173159961651,0.22359096119477934,2.622286368351428,34,66.70714285714286,140
34,3.0788165744235134,0.25832810661383937,3.3759689778852153,34,66.70714285714286,140
34,3.1344029828922073,0.2609718066593494,3.4938387616510833,34,66.70714285714286,140
33,3.0156468588449274,0.2841161428926764,3.808612048256436,33,66.70714285714286,140
33,3.0692470853155402,0.2883580064497625,3.9366535324178846,33,66.70714285714286,140
31,3.0108581604585734,0.3205257351193767,4.25236365960404,31,66.70714285714286,140
29,3.0091319293945054,0.34412893229068675,4.427178802224596,29,66.70714285714286,140
30,2.9144424148813446,0.35602725876367636,4.9099288198266615,30,66.70714285714286,140
29,2.919539258508199,0.3524904569586328,4.719816977434197,29,68.40140845070422,142
27,2.9245338568393695,0.38202538947525233,5.040259160185208,27,68.40140845070422,142
27,2.8989205326195515,0.3922865508046117,5.309719803871518,27,68.40140845070422,142
26,2.944450679063957,0.3956476538776961,5.181291733358738,26,69.1118881118881,143
25,3.0374244444061667,0.39830105894117607,5.072670366518422,25,69.875,144
25,2.947979263618146,0.4068094857311946,5.3061339169980135,25,69.875,144
25,3.0669623569633,0.3940528571261116,4.954683371091035,25,70.47586206896551,145
27,3.002196654016531,0.37258174492892204,4.812084989092415,27,71.66666666666667,147
27,3.090984375452954,0.3666587556674226,4.666683035030472,27,71.66666666666667,147
31,3.113132836744417,0.33564289557060806,4.733479822087669,31,71.66666666666667,147
27,3.167391068994799,0.3064235713682521,4.472321266830012,33,72.20945945945945,148
28,3.232703091571122,0.3341492822552393,4.209936598565028,29,72.6510067114094,149
30,3.2738960025990975,0.32606644635874626,4.223631335768745,30,72.6510067114094,149
32,3.330613742529297,0.2983973261556395,4.026287873444447,32,73.15333333333334,150
27,3.425197006006822,0.3389904290206406,3.832220189842576,27,73.49668874172185,151
30,3.4821064160368747,0.3014447524601464,3.6755343836111103,30,73.89473684210526,152
25,3.5125912177143626,0.3452602471637094,3.567955671106144,25,74.12418300653594,153
26,3.2122210637896664,0.3573350460962536,4.134855430500978,26,74.42207792207792,154
24,3.289247408842115,0.3732329076286409,4.171202324652517,24,74.61935483870968,155
25,3.1956503130021865,0.3765590410905135,4.620756156510247,25,74.61935483870968,155
25,3.1163882355440022,0.3811405293615887,4.8959398175126685,25,74.87820512820512,156
25,3.0200820319257478,0.3939225067821074,5.363016790947384,25,74.87820512820512,156
25,3.0339419906103506,0.3975114189335932,5.6409561383383595,25,74.87820512820512,156
25,3.0501778715902357,0.4001715108664918,5.8442668430544025,25,74.87820512820512,156
25,3.074617537635255,0.401955299469256,6.006832481391658,25,74.87820512820512,156
25,3.0474889243000836,0.4104443349692666,6.260324567082632,25,74.87820512820512,156
25,3.083959449959365,0.4021627166117411,6.170096561780298,25,74.81528662420382,157
26,2.9614252663542016,0.3833168918715851,5.992813000298116,26,75.00628930817611,159
26,3.0032928081956656,0.3557060926071854,5.552905603430406,26,75.70370370370371,162
26,3.152366395266304,0.35282295536827646,5.493242088832418,26,75.42331288343559,163
27,3.218809425045052,0.3299031745780546,5.251628234772593,27,75.3719512195122,164
27,3.274797446650932,0.32746837858453304,5.228639797796544,27,75.3719512195122,164
28,3.3388927350891664,0.28104902941809223,4.617071642766755,28,75.60714285714286,168
28,3.306750508765033,0.2801869056834545,4.684353868797504,28,75.46745562130178,169
28,3.3354401318330242,0.278849378447256,4.698095160864986,28,75.46745562130178,169
29,3.0694719521101193,0.24067595423886284,4.1926992242984955,29,75.09248554913295,173
29,3.1105467022621855,0.2256162347064344,3.9210342341882103,29,74.8735632183908,174
29,2.9503402052100793,0.2373887493179329,4.05687730039724,29,74.69714285714285,175
29,3.00545949240144,0.20729484349507935,3.456980261800954,29,74.2316384180791,177
29,3.0654318669590737,0.2037728557110201,3.342494697333231,29,74.2316384180791,177
30,3.1202859963093172,0.1873276616136457,3.197471622636852,30,74.2316384180791,177
31,2.985762840719376,0.18627496785018055,3.263138028681211,31,73.93820224719101,178
32,3.1218994519721814,0.17116434610629927,3.1661922468959647,32,73.93820224719101,178
32,3.0507671246202444,0.16920387484547444,3.0802884373229724,32,73.67039106145252,179
32,3.0783690597403464,0.1525787348737814,2.700281329620182,32,73.38888888888889,180
32,3.0502517582416706,0.16631138028023987,2.827201398529312,32,73.38888888888889,180
32,3.2913289939982837,0.16316308834000684,2.589034869662026,32,73.38888888888889,180
32,3.3065991579707736,0.17473589955657198,2.6489622093506173,32,73.38888888888889,180
33,3.426797035324605,0.15870622918329605,2.404413494500637,33,73.38888888888889,180
33,3.2833341372361726,0.18567083126823694,2.853422475895822,33,73.38888888888889,180
33,3.324852884059694,0.18379199519698214,2.736724487302558,33,73.38888888888889,180
34,3.3722820313780226,0.16974460325319946,2.6083983426464465,34,73.38888888888889,180
35,3.4210838080005015,0.15508155018352388,2.4781886565790447,35,73.38888888888889,180
36,3.2742710295925535,0.16831790382112927,2.872096821199373,36,73.38888888888889,180
36,3.3079366350447987,0.15226295039089036,2.495280967374825,36,73.10497237569061,181
36,3.3664792689982868,0.14958381161175235,2.3583303901311488,36,73.10497237569061,181
36,3.418805043330403,0.14708847626505828,2.230998527004542,36,73.10497237569061,181
37,3.331512491346967,0.16083584005336604,2.6127229382896155,37,73.10497237569061,181
38,3.3124723407863716,0.1623922809461487,2.7700888589548884,38,73.10497237569061,181
36,3.305679888309969,0.1485026752691014,2.4249649230629333,38,72.83516483516483,182
37,3.371469761416657,0.1582971351404599,2.3203888540983573,37,72.83516483516483,182
37,3.426252886987076,0.144515572845662,1.972047036407161,37,72.5792349726776,183
38,3.3787331847328574,0.14714279357367882,2.148451073463444,38,72.5792349726776,183
36,3.15628034136485,0.16812116334782223,2.013302650658013,36,72.32608695652173,184
37,3.078462747792544,0.16859210643459205,2.1088883420557853,37,72.32608695652173,184
36,2.9967492262332875,0.20240016602122726,2.548902102791588,36,72.32608695652173,184
37,3.003014227253484,0.1927716187944714,2.5563667733014173,37,72.32608695652173,184
36,2.9530206142843727,0.2036481516971575,2.6013578903472916,36,72.32608695652173,184
37,2.963234218970679,0.19587616497364058,2.6813067579914995,37,72.32608695652173,184
36,2.9943005574466186,0.20763899330199442,2.7467841433251823,36,72.32608695652173,184
35,3.0503096663269784,0.2190859949522726,2.7964027840632615,35,72.32608695652173,184
35,3.006002354118764,0.230483899056242,3.0303130787042516,35,72.32608695652173,184
34,3.0853105976858606,0.24077433233110979,3.0825828547475354,34,72.32608695652173,184
34,3.078743565867364,0.2511424960948506,3.3165718263508435,34,72.32608695652173,184
35,3.110989540999321,0.23991448052310022,3.2985568351575023,35,72.32608695652173,184
36,2.9885791394247465,0.2398364641162215,3.50218673068481,36,72.32608695652173,184
36,3.0305675411313113,0.2275797856497402,3.2811562148523876,36,72.68648648648649,185
38,2.7550949833246845,0.22781447261834104,3.6592437885284803,38,72.96236559139786,186
38,2.7346010390994087,0.22609451755382742,3.6566884233415644,38,72.70588235294117,187
38,2.760395435325168,0.2245816350700956,3.653520894574556,38,72.70588235294117,187
39,2.7877152649251764,0.19220692062754058,3.185280690172381,39,73.05820105820106,189
39,2.8129906471272585,0.202678255494053,3.348139039243139,39,73.05820105820106,189
39,2.910227388915431,0.2010220126061006,3.242026329693591,39,73.05820105820106,189
39,2.9564710653270856,0.20038477107486105,3.190267250169499,39,73.05820105820106,189
39,3.0644452838658847,0.17713316586033728,2.6409203855893764,39,73.15183246073299,191
39,3.228961751631775,0.17438971639788256,2.4693762500637617,39,73.15183246073299,191
39,3.4176739217369105,0.1709538535130456,2.322822430217218,39,73.15183246073299,191
40,3.537071639140625,0.1460501109343929,1.964541992057436,40,73.23958333333333,192
40,3.6182481219695894,0.14425486208501373,1.9251269370844195,40,73.23958333333333,192
41,3.4317379879574883,0.1678124622262996,2.538416402162007,41,73.23958333333333,192
43,3.5006107454961835,0.13427197999929574,2.257404044777761,43,73.22279792746114,193
43,3.2426567234118675,0.1561481825622814,2.663756062527139,43,73.22279792746114,193
43,3.15420125570333,0.14453265398572063,2.412572870449633,43,72.8974358974359,195
41,3.1779531527248945,0.14494778291401866,2.406342185649577,43,72.8974358974359,195
41,3.218407885541831,0.14515633519419724,2.376156391180283,43,72.8974358974359,195
42,3.2527270695142794,0.14307498966453805,2.12959400078292,42,72.71938775510205,196
43,3.278713789342911,0.1220353251033349,1.8762631662499731,43,72.4771573604061,197
41,3.1846218352523747,0.1670898520489951,2.3329320195726266,41,72.4771573604061,197
42,3.219484842647935,0.1596114249562958,2.3243571669289795,42,72.4771573604061,197
40,3.2635766375056594,0.16909376488573705,2.0560570553465944,40,72.23232323232324,198
40,3.318983152118747,0.1706959933859548,2.035173192302328,40,72.23232323232324,198
38,3.158637964591749,0.2129405595929854,2.470353083218512,38,72.23232323232324,198
40,3.2182314120239535,0.19430570493305732,2.472693863882521,40,72.23232323232324,198
38,3.227487378950998,0.2153538714607479,2.5910844919284135,38,72.23232323232324,198
36,3.250811605760698,0.2368373948168157,2.732801831103615,36,72.23232323232324,198
38,3.0990986386032713,0.24004809222349557,3.236440823605675,38,72.23232323232324,198
37,3.116092966241263,0.24992656380889955,3.2904295836219495,37,72.23232323232324,198
37,3.039061539700139,0.2604044396283476,3.5361431182528444,37,72.23232323232324,198
36,3.0079822130798037,0.2790277493851594,3.746592972367684,36,72.23232323232324,198
36,2.9255710675406155,0.2877896806532257,3.9276221043607595,36,72.23232323232324,198
37,2.959835601396561,0.2790268349586301,3.9231458002097996,37,72.23232323232324,198
38,2.9790010830931957,0.25110578367060254,3.5470897247555286,38,72.87,200
38,2.995986954712513,0.23964353372997377,3.369567100998416,38,73.09950248756219,201
38,2.729713902550033,0.26712652490862115,3.948118063688515,38,73.09950248756219,201
39,2.748505644292773,0.2574888423121221,3.931606423029343,39,73.09950248756219,201
40,2.525711917786592,0.23727235532187635,3.683338418514486,40,73.33168316831683,202
40,2.5754637559341846,0.23478324031596295,3.6322082482131006,40,73.33168316831683,202
40,2.5383457469285484,0.2322076248524146,3.5673787149983824,40,73.52216748768473,203
42,2.5825149249093244,0.19174380621702075,3.100367522328348,42,73.65365853658537,205
42,2.5227414884714516,0.19917770157526,3.226240664588907,42,73.65365853658537,205
43,2.5609654163283633,0.16656223852562296,2.752367372172919,43,73.76328502415458,207
44,2.5645898200862662,0.16624129223937203,2.9127581350939877,44,73.76328502415458,207
44,2.5212843275667383,0.16453540329533198,2.8096728884308044,44,73.78846153846153,208
44,3.154877251172283,0.1612082971148028,2.591232122274717,44,73.78846153846153,208
44,3.3617804831945897,0.15789823051965315,2.466172440824792,44,73.78846153846153,208
45,3.0344414071505525,0.1465883117009858,2.3384813985995314,45,73.71428571428571,210
46,3.110742042909502,0.13632887135903465,2.2816606162893107,46,73.71428571428571,210
45,3.1792735608700196,0.11464294953902089,1.9713830155027794,47,73.60189573459715,211
45,3.2325925936630786,0.1084168556834722,1.4317337524473963,45,73.26760563380282,213
46,3.2494972392007253,0.11151611164847156,1.646708751646788,46,73.26760563380282,213
46,3.2830811743480894,0.10060364572627735,1.375645398198556,46,73.0607476635514,214
44,3.3371150787121486,0.1210283591717915,1.3597570626385915,44,73.0607476635514,214
45,3.3802406869805464,0.1126162259568801,1.3448274782359695,45,73.0607476635514,214
43,3.321324474702357,0.1452078389136766,1.621728550293289,43,73.0607476635514,214
44,3.377432345453685,0.13804673603039558,1.6743032158500655,44,73.0607476635514,214
43,3.445196998324535,0.14960701337153748,1.7496365876226032,43,73.0607476635514,214
43,3.512476281854865,0.1520939051186012,1.8438067849546642,43,73.0607476635514,214
42,3.2509128194341264,0.1861002005921394,2.3929487888533143,42,73.0607476635514,214
40,3.1689024220984825,0.22706956865421074,2.934437779931452,40,73.0607476635514,214
41,3.040887662223314,0.23196834924341592,3.2935076928901923,41,73.0607476635514,214
39,3.0562065740902105,0.2534877991874578,3.4558663248624963,39,73.0607476635514,214
39,3.094898847866319,0.258504076423792,3.617971231038316,39,73.0607476635514,214
37,3.098544457661561,0.28058186033287735,3.7886054878745448,37,73.0607476635514,214
35,3.0492535284335496,0.310622910297412,4.116237291103466,35,73.0607476635514,214
35,3.0836810264070222,0.31563872088809136,4.281140156502404,35,73.0607476635514,214
34,3.106126362190704,0.31173517222585495,4.071327584097307,34,74.42129629629629,216
32,3.1676141061135414,0.33328515646042556,4.215821344431124,32,74.42129629629629,216
32,3.12746826561507,0.3445359533439433,4.464104950528256,32,74.42129629629629,216
30,3.1767671392292502,0.365106617618836,4.568090543797946,30,74.42129629629629,216
29,3.124692989285279,0.36837433948570286,4.481151639810588,29,75.64678899082568,218
30,3.1775282345406985,0.35304800923107327,4.394085192210843,30,76.18264840182648,219
29,3.114285373264762,0.3742977341724003,4.67052778024026,29,76.18264840182648,219
30,3.1186502161403142,0.36311161223066785,4.58255947509338,30,76.74090909090908,220
31,3.146834082232982,0.35019564981650586,4.465649502107287,31,77.22624434389141,221
32,3.1772256259076053,0.34166023563698117,4.461783089576685,32,77.22624434389141,221
29,3.192710557752563,0.30850674576423087,4.280900226835136,35,77.75225225225225,222
29,3.1985342343419525,0.36045164301701427,4.449714974093315,30,77.75225225225225,222
31,3.134092698320046,0.35437662392147085,4.431916804486384,31,78.62946428571429,224
33,3.152935033227275,0.34028972825755416,4.4880212043048076,33,78.62946428571429,224
28,3.1989535748173505,0.38498530696696814,4.494296181655816,28,78.62946428571429,224
30,3.244150644224646,0.35391205234221634,4.174665180760202,30,79.37610619469027,226
27,2.917403015006222,0.402564754406861,4.7366328677259215,27,79.70484581497797,227
28,2.9529425130288605,0.3943761336641244,4.7545540495371865,28,79.70484581497797,227
27,3.0573392028384316,0.3941940175350356,4.561351885521457,27,80.03070175438596,228
29,3.093642004121259,0.3687827104296868,4.443699915926397,29,80.2882096069869,229
29,3.1264404538194173,0.3613696730950817,4.377046700267835,29,80.58260869565217,230
30,3.2356290290760406,0.35405737109575025,4.551202189997283,30,80.58260869565217,230
30,3.1756217576971295,0.36295870913413336,4.892551336715977,30,80.58260869565217,230
31,3.220722121564579,0.3546544428196414,5.03041535719003,31,80.58260869565217,230
32,3.2122775731868387,0.3543129348326066,5.310979461829686,32,80.58260869565217,230
32,3.250184711422231,0.3545566736900013,5.4077226550746404,32,80.58260869565217,230
32,3.288071954867873,0.3468153192521712,5.300477213301917,32,80.48484848484848,231
32,3.6539135913498986,0.33866866852685207,5.182434380015052,32,80.49568965517241,232
32,3.6098278975458444,0.3118210003420331,4.730372226461946,32,81.12711864406779,236
33,3.6361670050563215,0.30158189496041726,4.825503204171401,33,81.12711864406779,236
33,3.22002630529434,0.31848068981668587,5.183839088645395,33,81.12711864406779,236
33,3.0731495074620034,0.308541746404853,5.007238405460007,33,81.08823529411765,238
34,2.92044417812656,0.2794971891357255,4.718869790247804,34,81.03719008264463,242
34,3.0549504310714735,0.2788672456247518,4.789545854396345,34,81.03719008264463,242
34,2.957162571097858,0.2784259057479028,4.780510813168419,34,80.92592592592592,243
34,2.9827882699267256,0.23584950364928783,3.97761631140969,34,80.68825910931174,247
34,3.020457303091045,0.23499148631086697,3.9858495575848343,34,80.68825910931174,247
34,2.9860135483853156,0.22169416455160848,3.6347524958038817,34,80.31726907630522,249
34,3.0318253900973597,0.1815091915003182,2.8143264204887073,34,79.88492063492063,252
34,3.083537671523775,0.1792512672014379,2.7334880093977496,34,79.88492063492063,252
35,3.005274237512839,0.19065500308435812,3.0528441265673427,35,79.88492063492063,252
36,3.290356871591131,0.16225160453915255,2.614321440339961,36,79.66798418972331,253
37,3.294845891918904,0.14672583683489845,2.4123784587735426,37,79.45669291338582,254
38,3.3765019916930434,0.13184362330042465,2.2626164414163754,38,79.45669291338582,254
39,3.238156549643643,0.13165627988867662,2.308906293554355,39,79.45669291338582,254
39,3.3449612649622935,0.12798181876002301,2.1289795534059137,39,79.45669291338582,254
39,3.229306938346456,0.12593833313430078,2.0331868494962912,39,79.2392156862745,255
40,3.2513119481811152,0.11392155178576087,1.9720412949017863,40,79.2392156862745,255
40,3.383904989957887,0.12638114233346223,2.1622917267874864,40,79.2392156862745,255
40,3.411190153275524,0.12503477831413615,2.0820531808459526,40,79.2392156862745,255
40,3.4444688595569453,0.12319197285323832,1.9836374971070578,40,79.2392156862745,255
41,3.4792755117955254,0.11042597799604768,1.8767099136612593,41,79.2392156862745,255
41,3.280267033875397,0.1342240249247155,2.259820928393531,41,79.2392156862745,255
42,3.3019635218372283,0.1083596729537019,1.9344985716481473,42,79.01953125,256
42,3.259068859863873,0.12017843704765815,2.085950748079974,42,79.01953125,256
42,3.3859889428226824,0.130300270207951,2.0880969099665156,42,79.01953125,256
43,3.4131256135499024,0.13088554314538994,2.205601673267624,43,79.01953125,256
43,3.47349654143646,0.12915529266847592,2.112604690651045,43,79.01953125,256
44,3.308885653773671,0.11961484132916478,2.0445760548147023,44,78.80544747081711,257
42,3.2611846899879886,0.12021297591758026,2.018497385328675,44,78.80544747081711,257
42,3.2832734710879663,0.12783013941707624,1.729287899970214,42,78.5891472868217,258
42,3.2967025093940987,0.1283822100613906,1.6979488992354048,42,78.5891472868217,258
43,3.2759286260348484,0.1314653480586837,1.8948542910891437,43,78.5891472868217,258
42,3.2917863793593733,0.14071248502166744,1.7900474887384,42,78.5891472868217,258
42,3.243656608787176,0.15424034997161662,2.040575583714209,42,78.5891472868217,258
40,3.215901952931304,0.185665767187741,2.2730061622513444,40,78.5891472868217,258
40,3.227492115049646,0.18693593867021968,2.282060331236758,40,78.5891472868217,258
40,2.9359237139027425,0.2083626077415932,2.6837906675575027,40,78.5891472868217,258
40,2.99609427817403,0.19832326529911506,2.4651297660079,40,78.37837837837837,259
41,3.1162640721778447,0.18573722698758924,2.3807910481648222,41,78.37837837837837,259
42,3.0897905769655045,0.18618778638294498,2.577756190532018,42,78.37837837837837,259
43,3.138365850200346,0.17592415563558061,2.6043762196901867,43,78.37837837837837,259
43,2.89416454165959,0.2058256947691871,3.2293239032522036,43,78.37837837837837,259
43,2.907139578120985,0.20560814309878844,3.253892855288586,43,78.37837837837837,259
42,2.8826680661586592,0.21463131492111215,3.2805369420270076,42,78.37837837837837,259
42,2.893757794267209,0.21479042592709596,3.2904689972676997,42,78.37837837837837,259
42,2.835853916832235,0.2042738280680701,3.040583461462311,42,78.78544061302682,261
42,2.8409707276370124,0.20475107127446662,3.09482942825825,42,78.78544061302682,261
42,3.035479219357225,0.19419868163789866,2.8959043925716093,42,78.58396946564885,262
43,3.0712492747363336,0.1845283489819828,2.8788520536919417,43,78.58396946564885,262
43,3.1358656150286257,0.17263563518237382,2.5525966811790073,43,78.8030303030303,264
44,3.3240568146751936,0.16150358021427327,2.44452890882641,44,78.8030303030303,264
44,3.033923269529158,0.18147289830663657,2.795024515022321,44,78.8030303030303,264
44,3.0864159513027953,0.16967593595339436,2.5155226087541145,44,78.9245283018868,265
44,3.253224141446,0.15655445434239915,2.264472773398292,44,78.82706766917293,266
46,3.308504135070183,0.1358074972105846,2.211425350127817,46,78.82706766917293,266
47,3.205940244917549,0.13615509939595288,2.3857188870658685,47,78.82706766917293,266
47,3.2344893603207336,0.12306009951990818,2.1646059686612635,47,78.88389513108615,267
47,2.9699030668301054,0.15546223907237194,2.7879274895784762,47,78.88389513108615,267
47,3.032773658471588,0.15487000905367856,2.7058683907426437,47,78.88389513108615,267
47,3.031990667852263,0.14339138619988778,2.3744354909646224,47,78.51301115241635,269
47,3.107955105932289,0.1418499829652511,2.2659911186851045,47,78.51301115241635,269
47,3.0630634704869415,0.15252542179314257,2.3990495338190554,47,78.51301115241635,269
45,3.1394758046597637,0.15189777835310647,2.318862502443075,47,78.51301115241635,269
47,3.2296925641417555,0.12040804486439866,1.7982867856080156,48,78.32472324723247,271
48,3.3130421454856425,0.11982545070784602,1.7376823781947028,48,78.32472324723247,271
48,3.348237617062525,0.13097475507900647,1.9130964297031383,48,78.32472324723247,271
46,3.328006876945504,0.14830855081673888,1.8180741591118383,46,78.27573529411765,272
47,3.362445423732553,0.14081588646252202,1.8147061460544525,47,78.27573529411765,272
45,3.399880913000711,0.148297336708679,1.5814187619214746,45,78.08791208791209,273
46,3.2165101945198806,0.16118656887051894,1.9951661046833356,46,78.08791208791209,273
47,3.272413239952203,0.15380375607428606,2.0381211950078675,47,78.08791208791209,273
47,3.296497015232755,0.15561968708771817,2.1133202037145793,47,78.08791208791209,273
45,3.3097918187012096,0.17502343386397873,2.214877886222437,45,78.08791208791209,273
43,3.2281687569525954,0.20417384454246867,2.520575565835215,43,78.08791208791209,273
44,3.23889851291746,0.19815035817752247,2.637866592165841,44,78.08791208791209,273
42,3.1118063387935866,0.22649995038869586,2.9433601359481334,42,78.08791208791209,273
42,3.136397001518673,0.22884674768962285,3.043865456678884,42,78.08791208791209,273
41,3.143666662170469,0.23801071415375916,3.1119445989077885,41,78.08791208791209,273
41,3.1263164262004084,0.24004121992381444,3.2143348046323132,41,78.08791208791209,273
41,3.1599757442625847,0.24094878658942706,3.285540337169935,41,78.08791208791209,273
42,3.16974538764727,0.21426826726487241,2.9710539038225368,42,78.51636363636364,275
42,2.9261903366009623,0.2232677951643872,3.2155780901452564,42,78.66666666666667,276
43,2.8540329231578445,0.22417232772443504,3.4609736361894265,43,78.66666666666667,276
43,2.7451793864410536,0.2333505124028809,3.677402190863117,43,78.66666666666667,276
43,2.503254823422676,0.22334262176890068,3.5001711974021514,43,78.81949458483754,277
43,2.549477829043346,0.22248235904885905,3.5078827126546464,43,78.81949458483754,277
43,2.5908164198190544,0.21166758119360363,3.288035180155551,43,78.94244604316546,278
44,2.6316417653263673,0.19216723970349836,3.093631847118544,44,79.02508960573476,279
45,2.670488753952579,0.17206118057784942,2.873816513236338,45,79.06071428571428,280
45,2.597921477433847,0.16047601527328342,2.6553287489161805,45,79.10992907801419,282
45,2.6272733951928355,0.15958987065360564,2.646200130230108,45,79.10992907801419,282
45,2.664179756896108,0.14740184231335046,2.361909414578921,45,79.113074204947,283
45,3.35090622607136,0.14411633430615856,2.1588195718043965,45,79.113074204947,283
47,3.1730279894896247,0.13253745807614192,2.1592273851532635,47,79.08802816901408,284
47,3.1998540825318247,0.11958192719713151,1.904382221945273,47,79.02456140350877,285
47,3.229694634893969,0.11894459695049925,1.8780199857055275,47,79.02456140350877,285
47,3.1874913746220708,0.1125906357245858,2.0658564582283105,49,79.02456140350877,285
47,3.1255872143535006,0.11942010568328326,1.8579735434954094,47,78.78745644599303,287
47,3.1486128233667903,0.12113272828431419,1.901606258217885,47,78.78745644599303,287
47,3.1761311933526892,0.09952763266803379,1.4865116747268314,47,78.49134948096886,289
45,3.2288935021721876,0.12074276355694055,1.5304037522209157,45,78.49134948096886,289
45,3.2102429081366703,0.135304549639645,1.802101321821113,45,78.49134948096886,289
44,3.2777440523737944,0.14718952393039583,1.8504203836593993,44,78.49134948096886,289
44,3.331777117054811,0.1501751826156198,1.9126978183685543,44,78.49134948096886,289
42,3.4404047779662394,0.17105158718655475,1.9680879142446615,42,78.49134948096886,289
43,3.2692054545254203,0.17516807863683842,2.2410584663454904,43,78.49134948096886,289
42,3.3341876802671915,0.18604545118823773,2.3170896233822655,42,78.49134948096886,289
40,3.241929498363261,0.21700296803620994,2.656615687549761,40,78.49134948096886,289
40,3.27201056499105,0.21990209297593932,2.797037164705609,40,78.49134948096886,289
40,3.290557393067418,0.22298093128734658,2.93414113942427,40,78.49134948096886,289
40,3.2403261317101815,0.2364259121626837,3.272926775951157,40,78.49134948096886,289
38,3.0999700826659833,0.27567015835294684,3.783013482958545,38,78.49134948096886,289
36,3.0957207463267693,0.2970884369821575,3.956144952499491,36,78.49134948096886,289
36,3.0807990571102777,0.30966182459286384,4.267521844353312,36,78.49134948096886,289
35,3.0924326005073777,0.30650319458151803,4.093226370242325,35,79.69072164948453,291
33,3.1491777033600137,0.3286214913830562,4.2880467903486155,33,79.69072164948453,291
33,3.188231423520737,0.3253473864778782,4.2491551234676885,33,80.22260273972603,292
31,3.0856296540880948,0.3545866677032823,4.542801798675144,31,80.22260273972603,292
30,3.168713080493233,0.3586910907455669,4.493726390818576,30,80.78498293515358,293
30,3.173130770700934,0.3627436240482775,4.649097906064311,30,80.78498293515358,293
28,3.2032825828882623,0.3774912956902341,4.5684779926200205,28,81.29591836734694,294
29,3.2220111046493796,0.36560255243801465,4.444594977226925,29,81.83050847457628,295
29,3.2491286443152703,0.3686841748966733,4.5116381937559895,29,81.83050847457628,295
32,3.286044025093334,0.33437923500016864,4.246166970428107,32,82.29054054054055,296
29,3.3449155385191225,0.29906876785914277,4.033618388306783,35,82.77777777777777,297
30,3.2544734602529957,0.35028668955253855,4.363784360414696,31,82.77777777777777,297
32,3.05546650760316,0.3452442755629149,4.404205362458293,32,83.55852842809365,299
34,2.9529969366810787,0.3391093576597727,4.6276289616740724,34,83.99333333333334,300
28,2.9546114298004316,0.39228719083578023,4.7007466846977595,28,83.99333333333334,300
30,2.7630655846380114,0.3922233540614274,5.052044984443159,30,84.37873754152824,301
26,2.78846726088687,0.4258409615016705,5.101352989407274,26,84.37873754152824,301
28,2.773707678619811,0.40368348214722793,4.993175566301644,28,85.07590759075907,303
26,2.7993839525470516,0.41940648094822175,5.0369205919483475,26,85.07590759075907,303
28,2.81588318758721,0.4018931737150788,5.047326971358742,28,85.3157894736842,304
29,2.866531243566026,0.386208889219353,4.913020536284651,29,85.62950819672132,305
30,2.8842661668856864,0.38514518498208006,5.146708387025705,30,85.62950819672132,305
30,2.95957674512467,0.38432174953276677,5.216893757121233,30,85.62950819672132,305
31,3.045737101500351,0.3808668616383618,5.334106068162992,31,85.62950819672132,305
33,3.599983036584895,0.36090118443161856,5.249373103398701,33,85.62950819672132,305
33,3.296775500201907,0.3717664683248991,5.476624821180431,33,85.62950819672132,305
33,3.3810051510872867,0.3633110691660413,5.285198902788147,33,85.640522875817,306
35,3.2358845924005553,0.3515897348900107,5.357303711329052,35,85.63517915309447,307
36,3.0965945033572435,0.32536094270919275,5.031121039876009,36,86.03536977491962,311
36,3.111324401125126,0.3241950205261211,5.120180911886814,36,86.03536977491962,311
36,3.1315597460249665,0.3144712163735946,4.981972689842117,36,85.93589743589743,312
37,3.1203621410264253,0.2956353503490168,4.762728953813222,37,85.89808917197452,314
38,3.1475851713655416,0.25754793281700666,4.2490570628747655,38,85.96845425867508,317
38,2.9198773013052906,0.27336257246483664,4.563398710005393,38,85.96845425867508,317
38,2.936618312438575,0.2633970014736432,4.398974519386697,38,85.87106918238993,318
38,3.159069603728452,0.2225040205323546,3.598817111547689,38,85.63354037267081,322
39,3.2098882704128355,0.21014085655927844,3.5543313997229498,39,85.63354037267081,322
40,3.2579036319974333,0.1751032974255423,3.0083493885406423,40,85.30246913580247,324
40,3.4068751670676174,0.12302859823181157,1.997372659217098,40,84.7530487804878,328
40,3.1372601403155382,0.1589171471500406,2.654104708009712,40,84.7530487804878,328
42,3.1853771423587407,0.12423311858753419,2.295322498967933,42,84.58358662613982,329
42,3.14030183508937,0.12225014851487381,2.1629044785562668,42,84.4060606060606,330
42,3.071884292071004,0.13303535135365854,2.276348092465048,42,84.4060606060606,330
42,3.14371290661924,0.13067571096359812,2.1282359267464424,42,84.4060606060606,330
42,3.2360066944509427,0.12839886466364706,1.9796003226498091,42,84.4060606060606,330
44,3.3366798937841518,0.10562517204874332,1.8515702308672684,44,84.4060606060606,330
44,3.3664970617994037,0.10437925980411872,1.7975114469159796,44,84.4060606060606,330
44,3.238895335006265,0.11635637421714694,1.9599647958856088,44,84.21752265861028,331
44,3.2647099005420115,0.11527280841605571,1.8785264967810182,44,84.21752265861028,331
44,3.589770384550337,0.11351659521716631,1.766772879706771,44,84.21752265861028,331
45,3.6340169649887684,0.08828488001883976,1.3831305724603846,45,84.03313253012048,332
45,3.2463577278718994,0.12295596786234492,1.9648399906798337,45,84.03313253012048,332
46,3.2499873110737236,0.11217051207936335,1.9343355931520867,46,84.03313253012048,332
47,3.2135455185992527,0.11338161341348668,2.1046527949394913,47,84.03313253012048,332
47,3.2440985890707275,0.11163006181758714,2.0354383826229894,47,84.03313253012048,332
47,3.251046953052779,0.12193535694596043,2.1650831445120646,47,84.03313253012048,332
47,3.3006378646992633,0.12032637203838385,2.0315789129815207,47,84.03313253012048,332
47,3.2463067543211355,0.12983479165110973,2.11475662222616,47,84.03313253012048,332
48,3.2378653511673683,0.12038141241036084,2.0714593211379375,48,84.03313253012048,332
46,3.1342886880616185,0.10936986345476507,1.8568437911382887,48,83.85885885885885,333
46,3.1316200457093712,0.12768099927096443,1.858597060938234,46,83.85885885885885,333
47,3.2229586335983074,0.10728123502532898,1.4774830014881537,47,83.67365269461078,334
48,3.415794154663834,0.09715366964880205,1.3340623273306516,48,83.67365269461078,334
46,3.2392816874499193,0.13998747822450205,1.8145781268995433,46,83.67365269461078,334
46,3.2824524181749655,0.14174700349118804,1.8106089547623865,46,83.67365269461078,334
44,3.3286694645427963,0.16129016794948586,1.8513835712473976,44,83.67365269461078,334
45,3.3602016591227484,0.14297685653355888,1.686827909510185,45,83.4955223880597,335
44,2.928355686337278,0.17456314123162345,2.166080827651009,44,83.4955223880597,335
45,2.9724343629552443,0.16682049336127408,2.2287864055092066,45,83.4955223880597,335
44,2.9128337243078075,0.18631050955812914,2.494087347945187,44,83.4955223880597,335
44,2.748042369925653,0.1966238981110952,2.759934593531016,44,83.4955223880597,335
44,2.7735353231094093,0.19667173509130745,2.8376418063348665,44,83.4955223880597,335
44,2.709343006861739,0.20650448863635776,3.088917397076746,44,83.4955223880597,335
44,2.692996359337864,0.2072961352183957,3.1444472826320666,44,83.4955223880597,335
44,2.70299853845216,0.20772428517371166,3.186899073243149,44,83.4955223880597,335
45,2.648215489318071,0.20881147435310174,3.3819733512455135,45,83.4955223880597,335
45,2.63172039970167,0.17982741538754504,2.818910124738005,45,83.28402366863905,338
45,2.6865919023497193,0.16901001827537968,2.641216123974449,45,83.38643067846607,339
45,2.7199189715939176,0.16899884636456775,2.6708766352003437,45,83.38643067846607,339
45,2.8943966735166673,0.16840342661407495,2.601230320149084,45,83.38643067846607,339
45,3.1049486020083843,0.16643092511694557,2.488705898175679,45,83.38643067846607,339
46,3.1888663724358945,0.14573977385806933,2.2034333131268538,46,83.47800586510265,341
46,3.284889585750928,0.14485788568937094,2.1971244905414298,46,83.47800586510265,341
46,3.3436240509442037,0.1328030470281401,1.951261853494297,46,83.38011695906432,342
46,3.431301553487444,0.1197276309936122,1.6866593515898263,46,83.4198250728863,343
47,3.530670401973141,0.1088439149397128,1.6753125734766319,47,83.4198250728863,343
48,3.596238452921314,0.09852195325420046,1.6760105251108877,48,83.4198250728863,343
48,3.2591296936499243,0.10937639100664362,1.892699920363653,48,83.40988372093024,344
48,3.276177944976503,0.10894811037963663,1.9129793362068814,48,83.40988372093024,344
48,2.900713542456463,0.14219359863143138,2.516981150386621,48,83.40988372093024,344
48,2.8327790826456702,0.14178678715730195,2.4854961152130617,48,83.34782608695652,345
48,2.8672613860795586,0.14154096679951322,2.460851122733312,48,83.34782608695652,345
47,2.913196208742006,0.13091479872902728,2.2253248122152156,48,83.23699421965318,346
46,2.9669201502215805,0.1203507178664606,1.9898102535843778,48,83.06628242074927,347
47,3.0280646771882225,0.10941906479945225,1.7354141237150622,48,82.90517241379311,348
47,2.9398623248296896,0.11942750083785358,1.6965841679081064,47,82.73925501432664,349
46,3.005033512778173,0.12941522321578663,1.6476739616748384,46,82.73925501432664,349
46,3.1140517056806796,0.1302681039407411,1.5896527777172043,46,82.73925501432664,349
46,3.1843462052605918,0.13142786413009663,1.575573120543411,46,82.73925501432664,349
45,3.1820682790769004,0.15272117576487712,1.7984402294231128,45,82.73925501432664,349
46,3.268154439749905,0.1452334808544593,1.8180759664825588,46,82.73925501432664,349
44,3.351961010064979,0.16420105426352724,1.8653491443180013,44,82.73925501432664,349
46,3.2643418403672118,0.15926112342927015,2.145659893221233,46,82.73925501432664,349
44,3.295767032033685,0.17850203829982392,2.2406797596278407,44,82.73925501432664,349
42,3.3564966060754453,0.1975834708939081,2.343556930952576,42,82.73925501432664,349
43,3.2627613045804926,0.20097856753407473,2.657017343656054,43,82.73925501432664,349
41,3.2710360153636957,0.2195162116632221,2.780651545462992,41,82.73925501432664,349
41,3.0272782157065494,0.24068275626682178,3.2824349611983834,41,82.73925501432664,349
40,3.0160379212619306,0.25047911470829304,3.3814630461987027,40,82.73925501432664,349
41,2.901622463935763,0.2521659159451649,3.629644707163188,41,82.73925501432664,349
41,2.9289600816744987,0.253633703306918,3.7095215042125225,41,82.73925501432664,349
41,2.8223135034632807,0.23643812094842412,3.3912414637257937,41,83.1590909090909,352
41,2.781294896335221,0.23708156589097829,3.4677014718908326,41,83.1590909090909,352
41,2.7978535794487405,0.23721892491706703,3.5089362128307844,41,83.1590909090909,352
41,2.789074076616292,0.23829869795449846,3.5771521340198675,41,83.1590909090909,352
41,2.563636831819692,0.22826552122064447,3.390798503809966,41,83.26912181303116,353
42,2.629913875431061,0.20867653592084334,3.1560023548652585,42,83.32768361581921,354
42,2.5980452552323694,0.20689880865412066,3.104756103296938,42,83.41408450704225,355
43,2.666587830371834,0.1959130994072768,3.044147568283178,43,83.41408450704225,355
43,2.738646524857462,0.18267614052481768,2.7487759337472473,43,83.43820224719101,356
45,2.8025413631622698,0.15104841497073548,2.4730892088853773,45,83.49859943977592,357
45,2.8492137009960192,0.13707667202125035,2.228051871879928,45,83.49441340782123,358
46,2.865729452292288,0.12624677245429172,2.2129064533393623,46,83.49441340782123,358
46,2.6720078011007375,0.14804305285592534,2.6213984807800723,46,83.49025069637884,359
46,2.6732662319687046,0.13632040702915416,2.413904372353201,46,83.46111111111111,360
46,2.6808737271961878,0.1242722509320957,2.1939542758909925,46,83.4016620498615,361
46,2.6869848967519006,0.12553882348170392,2.223955432450095,46,83.4016620498615,361
44,2.5426153803574905,0.13800640374547124,2.4308058469512352,46,83.31491712707182,362
44,2.573152762633352,0.1460963096768633,2.2028287123490435,44,83.19283746556474,363
45,2.614439399823204,0.12700412481773568,2.019784096092348,45,83.07967032967034,364
45,2.6695480610604365,0.1293160161706704,2.051393319033769,45,83.07967032967034,364
43,2.7633432822326482,0.13897779076478192,1.874944661422355,43,82.93972602739726,365
43,2.812616181773909,0.15370859880758203,2.1359998359452637,43,82.93972602739726,365
41,2.97888327997263,0.17475254399336468,2.1660469564924685,41,82.93972602739726,365
41,3.164032505574322,0.17758607144328986,2.2267641597074928,41,82.93972602739726,365
39,3.0165153500399584,0.19820869021505688,2.279143129014245,39,82.77868852459017,366
42,3.098472484982344,0.17237364770185382,2.345346128669468,42,82.77868852459017,366
40,2.917680415119777,0.21427993210063606,2.8415223696850584,40,82.77868852459017,366
38,2.98182771302038,0.23456892145437397,2.948463300142911,38,82.77868852459017,366
38,3.0112567613475383,0.23719869859496995,3.075313731895932,38,82.77868852459017,366
38,3.0342197051119113,0.2403416289008984,3.2149558399302043,38,82.77868852459017,366
38,2.920460736772847,0.2631520491986841,3.7381219982716485,38,82.77868852459017,366
36,2.9280142519864145,0.28464945166008315,3.8868187618556918,36,82.77868852459017,366
34,2.9347067333237553,0.30738814315571394,4.069189637113513,34,82.77868852459017,366
34,2.911419419444103,0.32093349007919214,4.388603232494612,34,82.77868852459017,366
33,2.9546405206050244,0.3174229025778549,4.155657436959322,33,83.85326086956522,368
31,3.055902537247545,0.3374844015414268,4.2658450041168114,31,83.85326086956522,368
31,2.951096203631538,0.3555575963913509,4.681721744300844,31,83.85326086956522,368
31,2.9373338457939537,0.357258113690443,4.771541965059847,31,84.38753387533875,369
31,3.0199179730238748,0.3508959745073688,4.707636412692991,31,84.91081081081082,370
30,3.0561360986502075,0.36156251591647237,4.824468578919938,30,84.91081081081082,370
30,3.022124664932166,0.36661798472950624,4.883991464437911,30,85.39353099730458,371
32,3.1075725661763514,0.3397338080748685,4.640562657555846,32,85.89784946236558,372
32,3.189304704387741,0.33618094269693466,4.543972702419429,32,85.89784946236558,372
32,3.2321919846359823,0.3196165635830559,4.300234321050513,33,86.34048257372655,373
29,3.284844775970316,0.2936804833044477,4.0736390274698175,35,86.8048128342246,374
28,3.3156843048532183,0.347752070340318,4.016747366442265,29,87.21066666666667,375
31,3.361270525544377,0.3239742838630556,3.843068819540355,31,87.63297872340425,376
31,3.389555886153202,0.3181938461096537,3.708811696193578,31,88.0132625994695,377
28,3.158468011978556,0.3739933804505654,4.380013503126232,28,88.0132625994695,377
29,3.1653574032455056,0.36180673321952184,4.340808966748211,29,88.41534391534391,378
25,3.1259026778143273,0.40841058897316174,4.664705662899135,25,88.41534391534391,378
25,3.0531211501843742,0.4046586719726599,4.645248366838557,25,89.12368421052632,380
24,3.080747180837651,0.42285831177218924,4.962570095096048,24,89.12368421052632,380
25,3.1094075050623458,0.40791088076115944,4.889015743102145,25,89.30446194225722,381
26,2.9332832691254564,0.40680174316407514,5.157622417083203,26,89.63089005235602,382
27,3.031862394095387,0.398231440223598,5.264983484496708,27,89.63089005235602,382
28,2.788266941726227,0.4092963646295726,5.759021678971418,28,89.63089005235602,382
29,2.8552795323793627,0.3979232945297708,5.761198374324345,29,89.63089005235602,382
30,2.881828929156762,0.393211562534798,5.874887188751165,30,89.63089005235602,382
31,2.9285412217382394,0.3822247841012757,5.848206016423725,31,89.63089005235602,382
31,2.856232875076865,0.38080294791529484,5.741068157163618,31,89.59635416666667,384
32,2.8918974156505577,0.37044738073395733,5.759654434973074,32,89.59635416666667,384
33,3.0251560477547974,0.3357385156093051,5.306175898811601,33,89.81443298969072,388
34,3.071465925275911,0.3239574564238241,5.2964949089618925,34,89.81443298969072,388
34,3.1414910680395227,0.3117953434330044,4.990321312610916,34,89.65641025641025,390
34,3.283316263693915,0.29781356251804125,4.608193709655818,34,89.61636828644501,391
36,3.224120829138378,0.2564286625179626,4.11433390723521,36,89.60913705583756,394
37,3.5977890937012127,0.25290257480519673,4.206606988960351,37,89.60913705583756,394
37,3.2010856786462023,0.24898321209150398,4.027217678638563,37,89.41666666666667,396
38,3.2395632487416366,0.20536815594016633,3.354424325035645,38,89.22305764411027,399
38,3.0740931145366446,0.21276398903245247,3.482073054436355,38,89.1,400
40,3.1084089103716166,0.16679905789503935,2.923303425431123,40,88.85572139303483,402
40,3.0151569191811247,0.16340070982749838,2.8253718029678394,40,88.71464019851116,403
41,3.041140154082297,0.1382119412503252,2.460408616922811,41,88.5569306930693,404
41,2.9243642065583613,0.16009265280522036,2.8241896214263345,41,88.5569306930693,404
41,2.9385930222311827,0.15932509373915088,2.7683020822784696,41,88.5569306930693,404
41,2.898844525204948,0.15787857585781612,2.6202871336471794,41,88.4,405
42,2.9839174817701846,0.14519531754165063,2.44216868484594,42,88.4,405
42,3.2363445045812225,0.1432302938300029,2.340806853325739,42,88.4,405
43,3.3797140031378072,0.11953432932642313,1.9968599078152307,43,88.08353808353809,407
43,3.4530986822087986,0.11766765823562053,1.862684101434884,43,88.08353808353809,407
43,3.4257136154331826,0.12761003930720105,1.932857465055108,43,88.08353808353809,407
43,3.261799087563894,0.14801391699427582,2.2087477275584115,43,88.08353808353809,407
45,3.3466932214331733,0.12638904965028888,2.03295335563328,45,88.08353808353809,407
45,3.2324549915054432,0.14548293638957785,2.2826135452497858,45,88.08353808353809,407
46,3.294261291791407,0.13188620702412573,2.1175239230378593,46,88.08353808353809,407
48,3.33981516258273,0.10980996733733625,1.991313472490747,48,88.08353808353809,407
49,3.3688148210151967,0.09785315391685417,1.8990442844239903,49,88.08353808353809,407
49,3.385446990609624,0.09603388351994127,1.8442626127221031,49,88.08353808353809,407
49,3.439453595018254,0.08294506508565824,1.4773082372002022,49,87.91911764705883,408
49,3.4926551882476855,0.06946326540864187,1.1344930962913504,49,87.76283618581907,409
49,3.5537679794861754,0.05526702783607901,0.7717440763556319,49,87.60487804878049,410
49,3.4201859107673807,0.06794641587948515,0.9585687984692145,49,87.60487804878049,410
47,3.3757697628683907,0.06726781601522176,0.9250738670778905,49,87.60487804878049,410
48,3.4208914923812994,0.07679772349283788,0.8882618573218333,48,87.60487804878049,410
49,3.482308858602253,0.06724845903746929,0.816329312179372,49,87.60487804878049,410
50,3.197357953131144,0.09590954296779174,1.5248486236474772,50,87.60487804878049,410
48,2.9991973675423425,0.12644026847524875,1.7976969168951755,48,87.60487804878049,410
48,2.982587953736224,0.1289859498019328,1.8940305274161626,48,87.60487804878049,410
46,2.955316781010308,0.14948020021844244,2.0099304390351076,46,87.60487804878049,410
46,2.934797223156884,0.15219257966603836,2.1160148717189924,46,87.60487804878049,410
45,2.8946961376824523,0.16403752541570918,2.175047133165397,45,87.60487804878049,410
45,2.9312205386166474,0.17585771884712836,2.3902299815861565,45,87.60487804878049,410
44,2.9866492400861864,0.1862689566828776,2.4635917846039117,44,87.60487804878049,410
43,3.0318463016316777,0.19591047233689385,2.5147656282303394,43,87.60487804878049,410
43,3.1316539759479602,0.19606134885493898,2.5403716960431146,43,87.60487804878049,410
43,3.1797642414436154,0.19641320508925736,2.5808841415037955,43,87.60487804878049,410
44,2.9924690347357035,0.19769080353328927,2.7984482028011133,44,87.60487804878049,410
44,2.9848817809655013,0.20637258322206442,2.9880945499683356,44,87.60487804878049,410
45,3.058679406838368,0.18720697806259434,2.8019228733747097,45,87.45255474452554,411
46,2.9645311479438683,0.1878154161666235,3.0057955938167535,46,87.45255474452554,411
46,2.868299319071813,0.1774634880232827,2.8618476699454023,46,87.62711864406779,413
46,2.94547636795924,0.17724615273956182,2.8940669016501954,46,87.62711864406779,413
46,3.0404136421133683,0.17620790879750817,2.8523194762141846,46,87.62711864406779,413
46,3.1070448796605703,0.1759079501063745,2.850509687193035,46,87.62711864406779,413
46,3.115336511889161,0.1554319894938346,2.454410337687769,46,87.68915662650602,415
46,2.984121227841443,0.1548634056519661,2.436241161229186,46,87.5360576923077,416
46,3.0206686794000346,0.1542916861767412,2.4231173205074907,46,87.5360576923077,416
46,3.240239857850093,0.13253232766123657,1.9801710938855555,46,87.47607655502392,418
46,3.310418078335772,0.13205221343224183,1.9699771581909922,46,87.47607655502392,418
47,3.1987286608306853,0.14421241142440533,2.34292229821159,47,87.47607655502392,418
47,3.284574997826702,0.13135816273641943,2.07485866067314,47,87.46778042959427,419
48,3.300101469870511,0.13189644662732902,2.2562401412230693,48,87.46778042959427,419
48,3.38424579143273,0.11873492850482525,1.9800558439921228,48,87.41904761904762,420
49,3.203752013479434,0.11969963277214618,2.136845365893444,49,87.41904761904762,420
49,3.2502125857841744,0.10711650728158803,1.8516741500329428,49,87.32779097387173,421
49,3.1758629092805175,0.11884342278970035,2.0386346072263595,49,87.32779097387173,421
47,3.21389867327457,0.11939283301484273,2.0005529312365713,49,87.32779097387173,421
47,3.267250836316666,0.10555942861383312,1.5097413013072842,48,87.04964539007092,423
48,3.3208511185005634,0.10588060779686467,1.457797014326139,48,87.04964539007092,423
49,3.217162612747238,0.1092873164163819,1.6409978883689973,49,87.04964539007092,423
47,3.295073645681902,0.1161084197147235,1.3944876393593906,47,86.90094339622641,424
48,3.2638658546469443,0.11987007098591466,1.620958978891779,48,86.90094339622641,424
47,3.3050752705957103,0.13054172550630322,1.6619369155495785,47,86.90094339622641,424
47,3.3398328532050314,0.1328265041635851,1.726249099513562,47,86.90094339622641,424
45,3.3931241478191825,0.15323111831049507,1.819440170587266,45,86.90094339622641,424
45,3.264495882039512,0.16725312379125076,2.153417937869563,45,86.90094339622641,424
43,3.2726207384218657,0.18716854984312842,2.2673292792672535,43,86.90094339622641,424
42,3.0690779165583204,0.21794400827525634,2.7843881922905687,42,86.90094339622641,424
42,3.0722167065600186,0.2201578498817654,2.909331517082246,42,86.90094339622641,424
41,3.083081992151756,0.2294833815650416,3.0178590748751573,41,86.90094339622641,424
41,3.045566461254692,0.2392517716086148,3.2820266467098738,41,86.90094339622641,424
41,3.0557009173482825,0.23956910179032304,3.3514298262453814,41,86.90094339622641,424
42,3.0520103521194355,0.23214510740673472,3.4299193659198712,42,86.90094339622641,424
42,2.8281375913603943,0.25074309869448486,3.826973629619607,42,86.90094339622641,424
42,2.82827282208756,0.23418163219449226,3.5037308382915953,42,87.08450704225352,426
42,2.823110013502162,0.22535739168971106,3.339311347026814,42,87.16627634660422,427
42,2.7963369164885847,0.21510007476491247,3.1376830102672164,42,87.23598130841121,428
42,2.831457981594232,0.21349638769767482,3.115350683980778,42,87.23598130841121,428
43,2.6926509949839477,0.20332305133033352,3.088465410215983,43,87.23598130841121,428
44,2.7604102619244912,0.18228072631331788,2.8100418411146197,44,87.2983682983683,429
45,2.812706392979016,0.16075070796095506,2.573420943405059,45,87.33488372093024,430
45,2.745375087646716,0.16938146592598294,2.768775844615278,45,87.33488372093024,430
46,2.7761132363093886,0.14858132734240198,2.5030587651927485,46,87.34802784222738,431
46,2.800823615838298,0.13631891415654873,2.2798975739905587,46,87.33101851851852,432
46,2.801955786212073,0.12380128713233678,2.0576401160957105,46,87.32101616628175,433
46,2.7287402065365316,0.1455872123559497,2.453649151268974,46,87.32101616628175,433
46,2.7446164885110163,0.13326370471992938,2.233313843563849,46,87.28801843317973,434
47,2.6789794818905195,0.13480133052802845,2.426052374512155,47,87.28801843317973,434
47,2.637121446214179,0.1341847808608446,2.377925119095008,47,87.14908256880734,436
47,2.6479838186710682,0.13500322263634215,2.408664230921089,47,87.14908256880734,436
45,2.6781029023987974,0.12479401373138815,2.20649378622705,47,87.04347826086956,437
45,2.7156674304043067,0.1324608613634747,1.9784867164725128,45,86.93607305936074,438
45,2.7387769588242348,0.12360879098936504,1.8010362300044835,45,86.80865603644646,439
45,2.796583833670513,0.12570068713187973,1.812788453964873,45,86.80865603644646,439
44,2.8982714856591563,0.13702830270231703,1.8040206517053878,44,86.80865603644646,439
44,2.90906497227474,0.1502447450830313,1.9979820936128367,44,86.80865603644646,439
42,3.059883010194371,0.16936551825764262,1.9598877520775484,42,86.80865603644646,439
43,2.9795880906170438,0.1716169409567254,2.144684717955207,43,86.6659090909091,440
43,3.1049804918838406,0.17214326352834067,2.168659862497276,43,86.6659090909091,440
42,3.0498705002670343,0.19527531963886274,2.5172079864642978,42,86.6659090909091,440
40,3.0195319668081386,0.22616285259309815,2.856938848158575,40,86.6659090909091,440
40,3.078100129896719,0.22970022628254433,3.0122638357792475,40,86.6659090909091,440
40,3.0995108556527553,0.23369085672360584,3.1856670544621326,40,86.6659090909091,440
38,3.0534352059744787,0.2643415942145278,3.5127508523919353,38,86.6659090909091,440
38,3.103006189946559,0.26881596399309493,3.646182904200238,38,86.6659090909091,440
37,3.09183469736364,0.28919712386831203,3.904318323273958,37,86.6659090909091,440
35,3.141571377187236,0.30929476360049535,3.9848076230491314,35,86.6659090909091,440
36,3.2376413046219885,0.30404192893920584,4.066337841020486,36,86.6659090909091,440
34,3.305254448765793,0.30723110305137635,3.8109270892156486,34,87.54298642533936,442
33,3.1784951955482037,0.3340351151050015,4.235552230986273,33,87.54298642533936,442
34,3.1594282387740433,0.33542853901995795,4.496230324304033,34,87.54298642533936,442
32,3.1591795386540196,0.3401193669810945,4.28825242529875,32,88.4054054054054,444
31,3.2044208511642522,0.3517286867968174,4.454940641760584,31,88.4054054054054,444
32,3.21628025490921,0.3457568911714498,4.580270849642072,32,88.4054054054054,444
30,3.227759084269503,0.3678529481396773,4.670453542893662,30,88.4054054054054,444
31,3.218492512152009,0.3502368872564637,4.420695475577791,31,89.26008968609865,446
31,3.2371034753696786,0.35446130334671305,4.493116805673695,31,89.26008968609865,446
33,3.2723064274444678,0.33020668472068687,4.27086423209562,33,89.67785234899328,447
29,3.325214094510212,0.29644541980576666,3.868890575562383,35,90.51224944320712,449
29,3.358305763004748,0.3482497573768685,4.026241390550251,30,90.51224944320712,449
32,3.3937655387147645,0.3250998790246369,3.8869253637994228,32,90.91333333333333,450
35,3.162752446603629,0.31729238236250545,4.229011850572137,35,91.32150776053216,451
29,3.207674835415056,0.3715400886401019,4.332899956766258,29,91.32150776053216,451
30,3.0518830156897336,0.3737411235948117,4.589858057171101,30,91.69026548672566,452
26,3.047358838026831,0.40317776043964537,4.5175517845251845,26,92.07726269315673,453
27,2.9423518511760305,0.40385814764897077,4.7587138549002255,27,92.41189427312776,454
26,2.942018988479402,0.41343606770630387,4.841319893684226,26,92.41189427312776,454
27,2.9308231469959543,0.4050550774524754,4.906809963682361,27,92.55604395604395,455
28,2.9261773978146928,0.3969688745197486,4.956590984249425,28,92.6907894736842,456
29,3.037287528826608,0.38799352636865436,5.029589851657333,29,92.6907894736842,456
31,3.0022021494439803,0.38381531256920565,5.364169753335945,31,92.6907894736842,456
31,3.09409135352441,0.3811417630803531,5.372316307628209,31,92.6907894736842,456
32,3.1188834655833952,0.378630415452646,5.527991788376889,32,92.6907894736842,456
32,3.084744926879454,0.38212788896481054,5.585708870315457,32,92.6907894736842,456
34,3.492908271820493,0.35615733623079376,5.402969135074283,34,92.65207877461707,457
35,3.1882513169362365,0.3446454204548682,5.303922244658708,35,92.67538126361656,459
36,3.235673616791564,0.3101848757277066,4.86916400083527,36,92.85714285714286,462
37,3.106452723881615,0.3070974008962748,5.068135908041907,37,92.85714285714286,462
37,3.1040651238088435,0.2960165616886534,4.805729715345022,37,92.69827586206897,464
38,3.0014599217766404,0.2770699041682637,4.572957513208037,38,92.69957081545064,466
38,3.144002327057274,0.2566245335194112,4.238740948014,38,92.69871794871794,468
38,3.129750630818144,0.25407547582377366,4.183689535931478,38,92.62046908315565,469
39,3.1568343709471036,0.24253792933915197,4.107561239975751,39,92.62046908315565,469
39,3.1880276941222316,0.19833141657811987,3.2324964191406984,39,92.40169133192389,473
40,3.218445579001412,0.1856842363850732,3.1809779367919906,40,92.40169133192389,473
41,2.9992010155368938,0.1950262261743649,3.4518468228441264,41,92.29535864978902,474
41,3.00104205670624,0.1588961426888285,2.71946035984414,41,91.86820083682008,478
41,3.008723266777304,0.1797790180959568,3.0806363692106378,41,91.86820083682008,478
42,3.028519518632709,0.1571425242350532,2.7736496794002177,42,91.73277661795407,479
42,3.088454016607041,0.14338526845760213,2.4014663740825624,42,91.59583333333333,480
43,3.133441958326701,0.1438843214971453,2.5215221362906877,43,91.59583333333333,480
43,2.993577402025906,0.15411454985667603,2.627191675929824,43,91.59583333333333,480
43,3.0320335553484394,0.15378369284895432,2.562792741004996,43,91.59583333333333,480
43,3.085774394373656,0.140566956934509,2.2166781977599155,43,91.45322245322245,481
43,3.152157367813225,0.13788029187236014,2.0846623753880364,43,91.45322245322245,481
43,3.3587230738842493,0.14589982585491096,2.1504194855291305,43,91.45322245322245,481
46,3.433881329441629,0.11481632873421715,2.0062790457953836,46,91.45322245322245,481
46,3.269548344445923,0.1353510902357873,2.299542400675371,46,91.45322245322245,481
46,3.3486585074137727,0.1198109652995969,1.8815634009975202,46,91.30705394190872,482
48,3.4133598382753725,0.0975017422708222,1.7606412233562878,48,91.30705394190872,482
49,3.350869019512685,0.09759701312626912,1.8946895206250416,49,91.30705394190872,482
49,3.378134321674822,0.08373435093306081,1.6190970044067632,49,91.17184265010351,483
49,3.652960249064227,0.08282721902258339,1.58504268528945,49,91.17184265010351,483
49,3.673923667494209,0.069842536344573,1.2739740670085429,49,91.03305785123968,484
49,3.6946776518074858,0.0694393922980541,1.2262889229801186,49,91.03305785123968,484
49,3.383402445765917,0.0936404041560653,1.6218701970357297,49,91.03305785123968,484
49,3.3674760208479855,0.0941663808047834,1.6273866891539603,49,91.03305785123968,484
47,3.2535685491569657,0.08381374784298401,1.4224187401765718,49,90.89072164948453,485
47,3.274971356953928,0.1033484451697213,1.3856143332534494,47,90.89072164948453,485
48,3.2322645804946055,0.1068674599242799,1.5653525120053986,48,90.89072164948453,485
48,3.21690550486985,0.10870155062938014,1.5890734957411254,48,90.89072164948453,485
46,3.104196122712229,0.12880312805546903,1.6310806122872954,46,90.89072164948453,485
46,3.12697065701161,0.1307784692478687,1.6698298142471049,46,90.89072164948453,485
45,3.008917874549803,0.1524048732552375,1.923634998142378,45,90.89072164948453,485
45,3.0357033127256807,0.142841093579914,1.7490833077671115,45,90.75102880658436,486
44,2.806958182558152,0.16404376395665393,2.0185539695875954,44,90.75102880658436,486
45,2.892152549416446,0.15637843633474718,2.078338827578141,45,90.75102880658436,486
44,2.8729745381530454,0.17642662984995805,2.3481291047190003,44,90.75102880658436,486
44,2.9269339324195496,0.1767034703925047,2.4099263083593536,44,90.75102880658436,486
44,2.801130917639642,0.1874763134574839,2.6815408398709306,44,90.75102880658436,486
44,2.8108916025355235,0.18772157412927817,2.73105890546077,44,90.75102880658436,486
44,2.71364312313112,0.19839343281325156,2.9824711330845957,44,90.75102880658436,486
44,2.7117044416858267,0.19924012230330326,3.045216383442695,44,90.75102880658436,486
44,2.7494301198353757,0.19021797541451557,2.891128062930126,44,90.61806981519507,487
44,2.7120195744954874,0.20035989971352847,3.059321235677375,44,90.61806981519507,487
